10910
4495 7634 46
3291 7655 4048
5979 4070 7613
1172 7676 7634
5990 4092 7655
33 68 7676
1188 4114 7697
4508 7697 69
16 4136 7718
0 22 7739
3305 4158 92
6001 4180 7760
6012 4202 7781
2196 7718 115
6023 45 138
5223 4224 4093
5235 4246 161
50 91 4115
5247 4268 184
3319 114 4137
4521 137 7802
5259 7739 23
3333 7760 207
1204 4290 4159
1220 160 4181
67 4312 230
6034 7781 253
2211 0 4203
5271 183 7823
84 7802 276
101 206 299
6045 4334 4225
3347 4356 7844
118 229 322
3361 252 345
2226 275 4247
3375 7823 368
1236 7844 4269
1252 4378 7865
4534 7865 391
5283 298 4291
2241 4400 414
5295 4422 7886
1268 321 437
6056 7886 4313
6067 344 4335
1284 4444 460
3389 367 483
135 7907 506
3403 390 529
3417 7928 7907
5307 4466 4357
4547 4488 7928
3431 4510 7949
5319 7949 4379
1300 4532 7970
2256 4554 552
6078 413 4401
4560 7970 575
5331 7991 598
4573 8012 4423
4586 436 4445
1316 459 621
4599 8033 7991
152 8054 4467
169 8075 644
2271 482 667
186 505 8012
5343 528 690
1332 8096 8033
3445 551 713
2286 8117 736
6089 574 759
1348 8138 4489
3459 4576 4511
4612 597 8054
5355 8159 4533
2301 4598 8075
4625 4642 8096
203 4620 782
2316 8180 805
2331 8201 828
2346 620 851
5367 8222 8117
6100 8243 8138
6111 8264 4555
220 643 4577
237 8285 4599
4638 8306 874
4651 666 897
2361 8327 920
6122 689 8159
3473 712 8180
2376 8348 943
5379 8369 4621
3487 8390 966
1364 8411 989
6133 4664 1012
2391 8432 1035
5391 8453 1058
1380 735 4643
254 8474 8201
1396 4686 4709
2406 8495 4665
2421 4708 1081
4664 4730 4687
6144 8516 4731
4677 758 4753
5403 4752 8222
5415 4774 1104
3501 781 8243
4690 4796 1127
2436 804 4775
4703 827 1150
4716 8537 1173
1412 8558 4797
6155 850 8264
3515 873 1196
2451 896 1219
1428 919 1242
4729 8579 4819
271 942 1265
6166 965 4841
6177 8600 4863
2466 988 8285
6188 4818 8306
1444 4840 8327
288 1011 1288
6199 8621 4885
6210 1034 4907
6221 1057 8348
6232 8642 1311
2481 1080 1334
5427 1103 1357
3529 4862 8369
6243 1126 4929
3543 1149 4951
3557 4884 4973
5439 1172 8390
6254 1195 8411
6265 8663 4995
6276 1218 1380
2496 1241 1403
5451 4906 1426
1460 8684 5017
1476 4928 5039
5463 1264 5061
2511 1287 8432
2526 1310 1449
305 4950 1472
1492 1333 5083
322 1356 8453
339 4972 1495
3571 1379 1518
3585 1402 8474
2541 8705 5105
2556 4994 5127
356 5016 1541
6287 8726 8495
5475 8747 8516
3599 5038 1564
2571 5060 5149
2586 5082 1587
3613 8768 8537
2601 5104 1610
373 8789 5171
2616 1425 1633
4742 1448 8558
2631 5126 8579
4755 5148 1656
4768 5170 1679
6298 5192 1702
2646 1471 8600
3627 1494 8621
1508 8810 1725
2661 1517 5193
1524 8831 5215
4781 1540 8642
5487 1563 8663
3641 8852 1748
2676 5214 8684
2691 1586 8705
6309 1609 5237
390 8873 1771
1540 8894 8726
407 5236 1794
1556 5258 8747
6320 5280 8768
6331 5302 1817
2706 5324 1840
424 1632 8789
6342 8915 8810
441 1655 1863
3655 1678 8831
1572 5346 5259
1588 1701 1886
1604 8936 5281
458 5368 5303
2721 1724 5325
5499 5390 5347
1620 1747 8852
5511 5412 1909
2736 8957 1932
1636 8978 1955
3669 8999 1978
3683 5434 8873
5523 5456 8894
3697 9020 2001
6353 9041 5369
1652 5478 2024
1668 9062 2047
6364 9083 2070
475 1770 5391
5535 5500 8915
6375 5522 8936
5547 5566 5413
4794 9104 8957
5559 1793 8978
6386 9125 8999
3711 9146 9020
3725 1816 5435
492 5544 5457
3739 9167 5479
1684 5588 9041
509 5610 5501
526 1839 9062
4807 5632 9083
2751 9188 9104
2766 1862 2093
6397 5654 9125
5571 1885 5523
1700 5676 9146
5583 5698 5545
6408 1908 9167
543 9209 5567
4820 9230 5589
560 5720 2116
4833 1931 2139
6419 5742 9188
6430 9251 9209
3753 9272 5611
6441 5764 9230
4846 1954 5633
1716 5786 5655
6452 9293 5677
5595 9314 9251
5607 5808 9272
2781 1977 9293
6463 2000 5699
577 2023 2162
594 9335 5721
3767 5830 5743
1732 9356 2185
1748 5852 5765
3781 2046 9314
3795 5874 2208
2796 9377 2231
5619 5896 2254
4859 5918 9335
2811 5940 9356
3809 9398 5787
4872 2069 5809
4885 5962 9377
3823 9419 2277
6474 2092 5831
3837 5984 2300
3851 6006 9398
5631 2115 2323
5643 9440 5853
1764 9461 9419
6485 2138 2346
6496 2161 5875
3865 2184 2369
4898 2207 9440
6507 2230 5897
6518 6028 9461
4911 2253 5919
6529 2276 9482
4924 9482 2392
3879 9503 5941
6540 6050 5963
611 6072 9503
2826 9524 2415
5655 9545 5985
5667 6094 2438
3893 9566 9524
4937 2299 6007
628 9587 9545
1780 6116 6029
6551 6138 6051
2841 2322 9566
645 9608 9587
1796 2345 2461
2856 6160 2484
3907 2368 6073
4950 6182 9608
5679 9629 9650
4963 9650 2507
5691 9671 9629
2871 6204 2530
662 2391 2553
679 9692 2576
6562 6226 9671
696 6248 6095
3921 9713 0
3935 6270 2599
1812 9734 9692
3949 6292 2622
3963 6314 2645
1828 2414 9713
6573 2437 9734
6584 6336 6117
5703 9755 2668
3977 6358 2691
3991 9776 2714
713 2460 9755
730 2483 6139
4976 2506 9776
4005 9797 9818
4989 6380 2737
4019 6402 9797
1844 6424 6161
1860 2529 9839
6595 2552 6183
6606 2575 6205
6617 9818 2760
5002 9839 6227
4033 2598 6249
4047 9860 2783
4061 9881 9860
2886 6446 2806
6628 2621 2829
747 6468 2852
2901 6490 6271
2916 2644 2875
5015 2667 6293
5715 2690 2898
1876 2713 9881
2931 9902 6315
2946 2736 6337
6639 9923 2921
5727 6512 6359
764 2759 6381
781 9944 9902
4075 6534 2944
4089 6556 6403
798 2782 6425
815 2805 6447
4103 2828 9923
5028 6578 6469
6650 6600 6491
6661 9965 9944
5041 2851 6513
6672 2874 2967
5054 2897 6535
6683 6622 2990
1892 6644 6557
5067 9986 3013
6694 6666 9965
6705 2920 9986
6716 2943 10007
4117 10007 3036
1908 2966 10028
5080 2989 10049
6727 3012 6579
6738 6688 6601
832 10028 3059
1924 10049 6623
4131 3035 3082
2961 3058 6645
1940 6710 10070
2976 10070 6667
5739 3081 6689
849 3104 10091
4145 10091 3105
5093 6732 6755
2991 3127 6711
5751 6754 6777
866 3150 3174
6749 6776 6799
883 3173 6733
900 10112 3128
917 6798 3151
5763 10133 6821
4159 6820 3197
4173 3196 3220
4187 6842 6865
5106 10154 6843
934 6864 6887
4201 3219 6909
5119 10175 10112
4215 6886 6931
4229 10196 6953
5775 6908 6975
4243 10217 3243
6760 10238 10133
5787 3242 3266
6771 3265 6997
1956 6930 10154
1972 10259 10175
5799 6952 7019
4257 3288 7041
4271 10280 3289
4285 10301 7063
1988 3311 3335
5811 3334 3358
3006 6974 10196
3021 3357 10217
6782 6996 3312
2004 3380 10238
4299 10322 10259
951 3403 3427
4313 10343 7085
2020 7018 10280
3036 7040 10301
5823 7062 3381
5132 7084 3404
5835 10364 7107
3051 10385 7129
5847 7106 10322
6793 7128 3450
5145 7150 3473
5859 7172 10343
968 3426 10364
4327 7194 10385
2036 3449 7151
5158 3472 3496
4341 7216 7173
3066 3495 3519
2052 7238 3542
985 10406 10427
3081 7260 10406
2068 7282 3565
4355 10427 10448
4369 10448 10469
6804 3518 3588
3096 7304 7195
1002 10469 7217
5871 3541 7239
3111 10490 3611
2084 3564 7261
5171 10511 7283
3126 3587 3634
5883 3610 3657
1019 10532 10490
3141 3633 3680
6815 10553 7305
6826 3656 7327
5895 10574 10511
5907 3679 3703
5919 7326 3726
2100 3702 7349
1036 7348 10532
4383 10595 10553
2116 10616 10574
2132 3725 3749
3156 10637 7371
1053 7370 3772
4397 3748 10595
2148 3771 7393
5184 3794 3818
1070 3817 10616
6837 3840 10637
6848 7392 3795
3171 7414 3841
5931 7436 7459
3186 7458 10658
2164 10658 3864
5197 7480 7415
4411 10679 10700
5943 10700 10679
6859 10721 7437
4425 7502 10721
1087 3863 10742
4439 7524 10763
6870 10742 3887
5210 3886 7481
3201 3909 7503
1104 10763 7525
6881 10784 10805
3216 7546 10784
3231 10805 3910
4453 7568 3933
5955 10826 10847
6892 3932 10826
3246 3955 3979
2180 3978 7547
3261 10847 7569
1121 10868 10889
4467 7590 3956
4481 4001 7591
1138 7612 4002
3276 10889 4025
5967 4024 10868
1155 4047 4070
