10910
4467 7634 46
4075 7655 4048
7634 4070 7613
1172 7676 7634
7676 4092 7655
50 22 7676
1188 4114 7697
4480 7697 69
16 4136 7718
0 45 7739
4187 4158 92
7781 4180 7760
7802 4202 7781
2180 7718 115
5456 68 138
4950 4224 4093
4962 4246 161
33 91 4115
4974 4268 184
4159 114 4137
4493 137 7802
4986 7739 23
3126 7760 207
1204 4290 4159
1220 160 4181
67 4312 230
7813 7781 253
2195 0 4203
4998 183 7823
84 7802 276
101 206 299
5467 4334 4225
4383 4356 7844
118 229 322
3140 252 345
2226 275 4247
3169 7823 368
1236 7844 4269
1252 4378 7865
4506 7865 391
5010 298 4291
2241 4400 414
5022 4422 7886
1268 321 437
7907 7886 4313
5490 344 4335
1284 4444 460
3183 367 483
135 7907 506
3197 390 529
3211 7928 7907
5034 4466 4357
4519 4488 7928
4532 4510 7949
5046 7949 4379
1300 4532 7970
2256 4554 552
5501 413 4401
4546 7970 575
5058 7991 598
4559 8012 4423
4572 436 4445
1316 459 621
4585 8033 7991
152 8054 4467
169 8075 644
2271 482 667
186 505 8012
5070 528 690
1332 8096 8033
3225 551 713
2286 8117 736
5512 574 759
1348 8138 4489
4598 4576 4511
4612 597 8054
5082 8159 4533
2301 4598 8075
4651 4620 8096
203 4642 782
2316 8180 805
2331 8201 828
2346 620 851
5094 8222 8117
8264 8243 8138
8285 8264 4555
220 643 4577
237 8285 4599
4625 8306 874
4638 666 897
2361 8327 920
8180 689 8159
3239 712 8180
2376 8348 943
5106 8369 4621
3253 8390 966
1364 8411 989
5535 4664 1012
2391 8432 1035
5118 8453 1058
1380 735 4643
254 8474 8201
1396 4708 4665
2406 8495 4687
2421 4686 1081
4781 4752 4709
5558 8516 4731
4794 758 4753
5130 4730 8222
5142 4774 1104
3267 781 8243
4820 4796 1127
2436 804 4775
4664 827 1150
4677 8537 1173
1412 8558 4797
8296 850 8264
3281 873 1196
2451 896 1219
1428 919 1242
4846 8579 4819
271 942 1265
5581 965 4841
5592 8600 4863
2466 988 8285
8327 4818 8306
1444 4840 8327
288 1011 1288
5603 8621 4885
5627 1034 4907
8369 1057 8348
5638 8642 1311
2481 1080 1334
5154 1103 1357
3295 4862 8369
5649 1126 4929
3309 1149 4951
3323 4884 4973
5166 1172 8390
8432 1195 8411
8684 8663 4995
5686 1218 1380
2496 1241 1403
5191 4906 1426
1460 8684 5017
1476 4928 5039
5216 1264 5061
2511 1287 8432
2526 1310 1449
305 4950 1472
1492 1333 5083
322 1356 8453
339 4972 1495
3337 1379 1518
3351 1402 8474
2541 8705 5105
2556 4994 5127
356 5016 1541
8747 8726 8495
5228 8747 8516
3380 5038 1564
2571 5060 5149
2586 5082 1587
3394 8768 8537
2601 5104 1610
373 8789 5171
2616 1425 1633
4690 1448 8558
2631 5126 8579
5178 5148 1656
5203 5170 1679
5697 5192 1702
2646 1471 8600
3408 1494 8621
1748 8810 1725
2661 1517 5193
1508 8831 5215
4703 1540 8642
5240 1563 8663
3422 8852 1748
2676 5214 8684
2691 1586 8705
5708 1609 5237
390 8873 1771
1524 8894 8726
407 5236 1794
1540 5258 8747
5719 5280 8768
5742 5302 1817
2706 5324 1840
424 1632 8789
5753 8915 8810
441 1655 1863
3436 1678 8831
1556 5346 5259
1924 1701 1886
1572 8936 5281
458 5368 5303
2721 1724 5325
5420 5390 5347
1780 1747 8852
5444 5412 1909
2736 8957 1932
1988 8978 1955
3450 8999 1978
3464 5434 8873
5478 5456 8894
3478 9020 2001
5764 9041 5369
2052 5478 2024
2084 9062 2047
5775 9083 2070
475 1770 5391
5523 5500 8915
5786 5522 8936
5569 5544 5413
4716 9104 8957
5252 1793 8978
5797 9125 8999
3492 9146 9020
3506 1816 5435
492 5566 5457
3520 9167 5479
1588 5588 9041
509 5610 5501
526 1839 9062
5660 5632 9083
2751 9188 9104
2766 1862 2093
5808 5654 9125
5546 1885 5523
1604 5676 9146
5730 5698 5545
5819 1908 9167
543 9209 5567
5614 9230 5589
560 5720 2116
4729 1931 2139
5855 5742 9188
5866 9251 9209
3534 9272 5611
5889 5764 9230
5673 1954 5633
1620 5786 5655
5900 9293 5677
5264 9314 9251
5830 5808 9272
2781 1977 9293
5911 2000 5699
577 2023 2162
594 9335 5721
3563 5830 5743
2210 9356 2185
1636 5852 5765
3577 2046 9314
3591 5874 2208
2796 9377 2231
5922 5896 2254
5945 5918 9335
2811 5940 9356
3605 9398 5787
5842 2069 5809
5993 5962 9377
3619 9419 2277
5934 2092 5831
3633 5984 2300
3677 6006 9398
5276 2115 2323
5877 9440 5853
1652 9461 9419
5971 2138 2346
5982 2161 5875
3691 2184 2369
4742 2207 9440
6006 2230 5897
6053 6028 9461
5958 2253 5919
6042 2276 9482
4755 9482 2392
3720 9503 5941
6075 6050 5963
611 6072 9503
2826 9524 2415
6017 9545 5985
6119 6094 2438
3734 9566 9524
6029 2299 6007
628 9587 9545
1668 6116 6029
6164 6138 6051
2841 2322 9566
645 9608 9587
1684 2345 2461
2856 6160 2484
3748 2368 6073
9629 6182 9608
5288 9629 9650
4768 9650 2507
5300 9671 9629
2871 6204 2530
662 2391 2553
679 9692 2576
9692 6226 9671
696 6248 6095
3762 9713 0
3776 6270 2599
1700 9734 9692
3790 6292 2622
3804 6314 2645
1716 2414 9713
6064 2437 9734
6358 6336 6117
5312 9755 2668
3818 6358 2691
3832 9776 2714
713 2460 9755
730 2483 6139
4807 2506 9776
3846 9797 9818
6402 6380 2737
3860 6402 9797
1732 6424 6161
1764 2529 9839
6208 2552 6183
6230 2575 6205
6086 9818 2760
6252 9839 6227
3889 2598 6249
3903 9860 2783
3917 9881 9860
2886 6446 2806
6097 2621 2829
747 6468 2852
2901 6490 6271
2916 2644 2875
6315 2667 6293
5324 2690 2898
1796 2713 9881
2931 9902 6315
2946 2736 6337
6108 9923 2921
6534 6512 6359
764 2759 6381
781 9944 9902
3931 6534 2944
3975 6556 6403
798 2782 6425
815 2805 6447
3989 2828 9923
6600 6578 6469
6624 6600 6491
6131 9965 9944
6546 2851 6513
6142 2874 2967
6559 2897 6535
6644 6622 2990
1812 6644 6557
4833 9986 3013
9986 6666 9965
6153 2920 9986
6175 2943 10007
4018 10007 3036
1828 2966 10028
4859 2989 10049
6613 3012 6579
6710 6688 6601
832 10028 3059
1844 10049 6623
4032 3035 3082
3081 3058 6645
1860 6710 10070
2961 10070 6667
6721 3081 6689
849 3104 10091
4046 10091 3105
6776 6754 6711
3154 3127 6733
6789 6732 6755
866 3173 3128
6821 6776 6799
883 3150 6777
900 10112 3151
917 6798 3174
10154 10133 6821
4089 6820 3197
4103 3196 3220
4117 6842 6865
10175 10154 6843
934 6864 6887
4131 3219 6909
4872 10175 10112
4145 6886 6931
4173 10196 6953
6997 6908 6975
4201 10217 3243
6186 10238 10133
5336 3242 3266
7029 3265 6997
1876 6930 10154
1892 10259 10175
7041 6952 7019
4215 3288 7041
4229 10280 3289
4243 10301 7063
1908 3311 3335
5348 3357 3312
2976 6974 10196
3365 3334 10217
7018 6996 3358
1940 3380 10238
4257 10322 10259
951 3426 3381
4271 10343 7085
1956 7018 10280
2991 7040 10301
7084 7062 3404
7106 7084 3427
10385 10364 7107
3006 10385 7129
10343 7106 10322
7150 7128 3450
7172 7150 3473
10364 7172 10343
968 3403 10364
4285 7194 10385
1972 3449 7151
4885 3472 3496
4299 7216 7173
3548 3495 3519
2004 7238 3542
985 10406 10427
3021 7260 10406
2020 7282 3565
4313 10427 10448
4327 10448 10469
6197 3518 3588
3036 7304 7195
1002 10469 7217
7261 3541 7239
3647 10490 3611
2036 3564 7261
4898 10511 7283
3662 3587 3634
5360 3610 3657
1019 10532 10490
3705 3633 3680
10574 10553 7305
7360 3656 7327
5372 10574 10511
5384 3679 3703
7348 7326 3726
2068 3702 7349
1036 7348 10532
4341 10595 10553
2100 10616 10574
2116 3725 3749
3051 10637 7371
1053 7370 3772
4355 3748 10595
2132 3771 7393
4911 3794 3818
1070 3817 10616
6219 3840 10637
7414 7392 3795
3874 7414 3841
7480 7458 7415
3066 7436 10658
2148 10658 3864
4924 7480 7437
4369 10679 10700
5396 10700 10679
10742 10721 7459
4397 7502 10721
1087 3863 10742
4411 7524 10763
6241 10742 3887
4937 3886 7481
3945 3909 7503
1104 10763 7525
6265 10784 10805
3096 7546 10784
3960 10805 3910
4425 7568 3933
5408 10826 10847
6276 3932 10826
4003 3955 3979
2164 3978 7547
3111 10847 7569
1121 10868 10889
4439 7590 3956
4453 4001 7591
1138 7612 4002
4060 10889 4025
5432 4024 10868
1155 4047 4070
