10910
5617 1150 1177
3364 9041 7375
1980 5995 9272
4445 9692 9671
1957 7802 8915
3448 3005 10805
2736 6780 6745
6143 1807 1848
3261 7299 7268
0 4020 10343
1161 8635 1132
1432 8327 8290
2943 7020 6984
5712 1331 1355
6373 2640 2599
2419 6432 6460
1048 8723 674
166 4227 4189
1101 8679 111
6129 1828 1803
3909 431 10469
944 4958 5000
3465 10868 2990
2676 6693 6723
5398 682 652
413 5425 4433
933 5047 5069
3349 7431 7397
5687 1308 1268
3849 10574 3826
4700 2822 2852
2287 6302 6328
3120 7127 9041
497 5134 5161
6184 1919 1963
5926 3549 5562
6636 3820 3849
2632 7585 7615
1732 7868 8873
5470 817 856
6727 3997 5540
727 5068 5092
1443 8305 8269
982 5002 5046
2095 8957 7768
6587 3572 3529
917 5293 4931
5550 949 994
4734 2350 2416
6535 3435 3392
4148 10154 10133
3108 7453 7484
1221 8569 8810
2174 6258 6220
2863 9167 6875
1775 7846 8894
712 5337 4724
113 4158 4122
904 4914 4954
3975 10490 268
2406 9251 6416
6866 2125 5760
5301 454 427
4035 10343 10322
1234 8810 8548
4632 3664 3688
889 4935 4977
3378 3254 10889
5260 250 291
4132 10175 10154
6573 3526 3483
3644 10721 2347
6254 2148 2120
2482 6497 6526
2618 6627 6657
6241 2102 2076
1536 8130 8161
2531 6671 6636
3212 7475 7441
4649 3481 3506
5956 3753 3780
6046 2550 2576
239 4250 4278
4023 10385 10364
4076 10280 10259
2752 6759 6788
4972 273 246
1175 8789 8592
669 9419 4678
6612 3618 3642
654 4664 4701
3922 408 10448
225 4273 4234
6320 2329 2370
3200 7214 7246
3728 10637 1667
5086 2529 2553
6739 5557 3369
3933 10532 404
3507 10826 2898
1074 362 8702
4515 9587 9566
2602 6649 6614
2337 6346 6372
5535 927 971
1277 8503 8526
1946 9335 5957
876 4891 5320
1420 8349 8311
6431 2937 2967
6482 3277 3238
1672 8022 1644
5881 1896 5826
6101 1651 1621
3567 10784 2714
3021 7042 7071
643 4685 4657
6688 3974 4010
6226 2056 2097
5070 2959 2921
1604 8044 8073
4785 2079 2053
1150 1127 8614
3148 9062 7159
482 4526 4501
3338 7387 7354
2778 6845 6810
4904 659 629
1935 5952 5979
632 4641 5386
3412 3208 10847
5524 906 948
861 4868 4908
154 4204 4166
3324 7365 7333
1139 1104 8636
6598 3641 3597
2722 6737 6766
3479 2982 10784
371 4434 4412
3097 7106 7137
971 4979 5023
5986 3595 3619
1025 8745 787
2927 9146 6940
2378 7671 7637
6879 2306 5738
3818 1398 10553
6001 3503 3460
5781 5689 2507
5849 2415 5716
3395 3367 10868
5832 5513 3734
211 4296 4255
5287 385 360
1262 8831 8504
1329 8459 8418
1403 8371 1378
4621 9440 9419
4503 9608 9587
847 5315 4862
1505 8217 8183
5911 5711 2301
4355 9818 9797
5355 545 585
2810 6824 6853
6169 1873 1917
3715 1761 10637
1920 5930 9293
6702 5469 3964
6407 2800 2829
471 5403 4478
3894 1239 10490
6521 3390 3348
831 9377 4839
456 4503 5430
1387 8873 8332
5699 1352 1312
3621 2594 10700
357 10427 4366
2912 6955 6919
3684 2033 10658
565 5111 5276
4870 1083 1109
4487 9629 9608
5798 5601 2783
2466 6475 9209
2852 6867 9125
6396 2778 2806
956 5025 5138
4666 3119 3081
4559 9524 9503
4819 1784 1757
3580 2709 10721
3184 7192 7224
5054 3073 3102
2158 9314 6176
1587 8086 8051
6277 2194 2166
1763 5777 5804
5150 1628 1600
6891 5755 1871
5272 341 381
5006 3953 3987
6306 2285 2324
3170 7235 7203
1317 8481 8440
5591 1039 1063
3086 9083 7093
5865 5645 2691
5118 1740 1780
3987 10469 223
5764 2571 5694
1685 7978 7942
3159 7170 9020
2454 6539 6504
4342 9839 9818
6061 1536 1513
4287 9923 9902
4185 10091 10070
5727 1375 1333
2546 6561 6592
1303 8852 8461
2794 6802 9146
2270 6280 6306
814 4822 9398
1126 8657 8768
4461 9671 9650
5509 883 925
1480 8239 8205
101 5270 5298
3308 7321 8999
1660 8000 7963
3998 204 10406
3004 9125 7027
3248 7257 7289
615 5359 4634
6360 2506 2530
2901 6911 9083
4213 10049 10028
2965 6977 7005
2841 7519 8936
443 4480 4456
1520 8173 8139
1576 8065 8095
4275 9944 9923
1708 7934 7899
3960 3930 10427
6510 3344 3303
797 4845 4885
1817 9356 5892
2662 6715 6679
3491 10847 2944
2034 6126 6088
551 4595 4567
5221 136 178
6016 3300 3325
6786 5623 2760
1290 8525 8483
2255 6324 6285
3134 7149 7181
430 4457 5452
1467 8261 8226
3659 10700 2255
6764 2914 5584
6292 2240 2278
2827 7563 7528
5752 1513 1490
2394 6411 6438
4247 9986 9965
6349 2460 2484
6775 2891 5606
140 5224 5253
5385 636 608
1090 318 8680
1251 8547 8831
1617 1582 8029
3633 2392 10679
6675 3909 3941
2648 8978 7549
2326 6389 6350
1903 5973 5936
6114 1696 1734
2442 6454 6482
6715 5491 3803
4087 10259 10238
6812 2686 5650
4115 10196 10175
2515 7628 7593
2147 6192 6154
5206 113 90
4570 9503 9482
85 4135 4099
342 5157 5184
6087 1605 1578
2134 6148 9251
4314 9881 9860
3608 10742 3574
4224 10028 10007
5494 861 902
4802 1987 2030
780 9398 4793
1376 8393 8354
2117 6170 6132
6443 0 3035
1491 8195 1467
4298 9902 9881
6825 5667 2668
5442 705 742
5022 3231 3194
74 4089 10217
2993 7497 7462
3948 10511 314
766 4777 4816
601 10238 4611
325 4388 4345
4717 2483 2439
6213 2010 1986
4381 9776 9755
198 5447 4211
2588 6605 9167
1360 8415 8375
3759 3730 10616
590 4618 5408
314 4365 4323
3866 10553 1289
2082 7781 7812
5246 227 201
5456 773 810
4009 10406 10385
5941 3887 3918
5483 838 879
5815 5535 3551
2067 6082 6110
5370 590 562
6839 2663 5672
6663 3864 3895
3833 3797 10532
1645 8915 7985
299 4319 5496
6471 3187 3215
1968 6060 6022
282 4342 4301
4604 9461 9440
6457 3028 3058
1548 8151 8117
4887 794 765
4683 3050 3013
6496 3321 3282
2313 7693 7659
1697 7956 7920
4236 10007 9986
6560 3458 3415
540 4549 4588
61 4112 4077
1014 8767 833
2706 7541 7571
5564 1018 1040
2106 7759 7725
271 5179 9377
3423 3164 10826
6335 2371 2393
3519 2868 10763
3805 3774 10574
5741 1467 1445
2954 6998 6962
3742 10616 1555
3070 7085 7115
698 4708 4747
5340 567 540
1344 8437 8397
2763 9188 6831
754 4799 5342
4751 2262 2234
3594 10763 2622
2242 7715 7746
5672 1262 1223
1805 5821 5848
4921 613 23
2890 6933 6897
4938 522 495
44 10448 4054
4955 296 337
2366 7650 7681
6750 5579 3259
5577 1060 1017
1207 8613 8570
2008 6017 6044
2050 6104 6066
6798 2755 5628
4546 9545 9524
2228 6236 6263
2214 9272 6241
1455 8283 8247
576 5090 5115
4174 10112 10091
6384 2617 2645
1037 750 8724
3292 7343 8978
4326 9860 9839
1861 5908 5870
526 4572 4545
3434 10889 3148
2692 9209 6701
5166 1490 1422
6265 2171 2143
2199 6214 9230
3775 1421 10595
2431 7606 0
5134 1717 1690
4199 10070 10049
4989 158 134
2979 8999 7506
3054 7063 9062
1192 8591 8789
5328 477 517
6156 1851 1894
3236 7278 7311
1630 8894 8007
1849 5865 9314
6625 3685 3711
5659 1217 1245
2576 6583 9188
3877 1285 10511
1791 5799 9356
397 4411 5474
6650 3841 3872
2352 6367 6394
183 5247 5207
5102 2438 2461
4587 9482 9461
1748 7890 7856
5038 3142 3171
4048 10322 10301
4101 10217 10196
6420 2845 2875
2298 7737 7703
2498 6518 6548
742 4754 5364
3535 10805 2737
28 4043 5518
2563 9230 6570
6031 3096 3125
5414 21 719
4428 9713 9692
5971 3707 3665
3225 9020 7419
5317 499 473
4162 10133 10112
5605 995 1086
514 5381 4522
124 4181 4144
1991 6038 6001
4062 10301 10280
4412 9734 9713
682 4731 4770
1888 8936 7834
4836 1674 1711
6073 1559 1534
5426 727 697
5193 44 67
3550 2732 10742
5235 181 157
6549 3413 3437
6198 1965 2007
1720 7912 7877
2875 6889 9104
3699 10658 1825
2021 7824 7790
4532 9566 9545
4369 9797 9776
2188 9293 6198
3278 7409 8957
4853 1444 1401
1562 8108 8852
3673 10679 2211
1113 90 8658
5896 1942 5782
3037 9104 7049
4476 9650 9629
1834 5843 9335
382 10364 4389
1060 8701 450
4263 9965 9944
5182 67 46
5644 1171 1200
998 972 8746
1873 5887 5914
4395 9755 9734
6852 5733 1940
5630 1194 1155
254 5202 5230
3790 10595 3757
16 4066 4033
4768 2217 2188
