10910
4664 9062 2714
3417 7676 4181
6056 6424 7718
1476 7907 7781
6078 6710 7697
1121 3311 7655
1540 6798 8138
5093 8075 2829
866 5962 8054
0 3242 8012
3865 7546 2898
6012 7568 7991
6188 7590 7634
3246 8285 2691
6122 3564 2990
5727 7172 7283
5631 7458 3036
900 3012 7349
5859 7260 3082
3655 3817 7393
4599 3702 8033
5703 7970 3128
3781 8012 3151
1316 4466 7327
1172 3955 7151
1053 4686 3220
6111 8432 2415
3171 0 7261
5643 3380 8201
1104 8243 2208
1155 3357 2231
5990 5588 7129
3753 5698 8306
1002 3472 2300
3725 3449 2323
2856 3127 7569
3711 8348 2369
1748 7886 7525
1844 5324 8537
4768 10301 2139
5595 3771 6469
2886 5170 2461
5487 5126 8516
1972 4001 2507
6089 10238 6425
6067 3886 6403
1892 5016 2576
3669 3058 2967
1070 10175 2622
3795 3081 2645
4159 10133 8390
5283 4928 6337
4573 4906 8348
4131 4884 8327
5607 9776 6227
2164 5830 8222
2976 5808 4025
6617 3403 5897
4885 10007 4002
5511 9965 3887
4781 9944 6183
4742 3495 6161
1828 3518 3979
4716 9923 8369
390 9860 6117
373 9797 3841
3006 3035 3818
356 3288 8915
5235 3150 3956
2004 10889 8894
4033 3840 3266
3066 10847 3289
6221 3610 3312
1956 10763 6095
4047 4202 6029
4833 3541 8747
5883 10658 6007
3126 4752 8705
4859 4576 8663
16 4554 3473
3111 10511 3496
3096 10490 3243
3081 4047 3542
5955 10469 8642
6771 10448 8768
6804 10385 5941
203 3656 7041
186 9503 6997
4495 9146 3657
4586 3587 3680
3036 9083 3703
6265 3104 7613
3305 3219 7676
3021 8621 2599
5763 8894 6799
3473 8873 598
2132 8831 621
6298 7612 644
2826 8747 667
5811 8705 1886
2052 3173 6733
84 9692 7844
2036 6182 6601
2961 9650 6579
2901 6116 782
5145 6094 6557
6386 9566 6535
5119 3426 6513
5739 5918 10679
5655 5896 552
3515 3334 10364
5028 6138 874
3231 3265 6623
5002 3196 920
4989 9482 943
1364 9356 6645
6452 3909 10322
3459 4024 1012
3261 3978 1035
1300 3932 1058
5054 9335 6667
815 3863 299
6485 3794 6689
6496 9293 6711
3201 3748 10280
6727 6512 10259
1236 6468 10238
764 3679 161
6430 9251 6755
6419 3633 6491
6375 3725 10217
6364 9230 230
2916 804 253
5835 827 276
4201 6446 9944
6760 850 6821
4313 873 6843
4327 6490 6865
5367 896 10175
6705 919 8285
6694 9272 6909
6683 942 437
3051 965 460
5271 6556 483
1668 9314 6931
1652 6578 6953
5619 988 6975
2946 1011 10133
2931 1034 1633
611 6622 1656
1588 1057 7019
594 1080 10091
577 6644 1725
4173 1103 1748
4439 1126 10070
2871 9377 6205
2841 6666 5919
560 6402 1817
6177 9398 10049
5967 9419 9986
4299 6732 1863
3156 6754 5963
3186 6776 1909
4257 9440 10868
3276 6820 1932
492 9461 5985
3216 781 1978
4677 1172 10847
3141 6864 10826
5171 6886 2047
5041 6908 2070
6100 6930 2093
2991 1195 10805
3907 1218 10763
1412 9209 1104
2271 1241 6051
1428 9524 6073
4937 1264 10721
5463 1287 10700
4467 9545 1173
2226 5940 10427
2196 1310 10637
6166 1333 6139
458 9587 1265
1444 9608 10616
475 5984 1311
1460 6006 10595
5979 6028 10574
6144 6050 1380
2421 6072 1403
509 1356 10532
6034 9629 10511
526 1379 1449
4271 1402 10490
1492 6160 6249
1508 1425 1541
1524 9671 6271
543 6204 6777
2316 1448 6293
5943 6248 6315
1556 1471 10448
5307 6270 1081
2286 9713 1334
1396 9734 1242
4411 9755 1219
4453 6292 9713
5223 6314 9440
4481 8915 1127
6584 8642 6359
1604 6358 1357
1620 8663 2116
6595 8684 2001
628 1494 6381
5427 7392 9398
6628 7414 9356
5415 7502 6447
4729 8726 9272
5583 413 9251
6650 8768 9230
4383 8789 8957
4369 390 7503
645 6974 7547
4341 8810 7459
1684 7040 9125
441 7062 7107
679 367 9083
4807 7084 9062
2376 8852 9041
2751 344 46
6716 6952 8999
5679 321 7195
1700 7282 9923
5919 7304 7063
6749 298 9860
696 8936 7415
4872 8957 7371
713 7194 575
4508 275 3634
6892 7128 9797
6408 8978 9776
4215 8999 7305
6254 7326 9734
4612 252 7239
1716 7436 7217
6287 9020 7173
5799 9041 9671
5823 7018 9629
2301 2644 9608
6320 22 7085
730 206 2484
747 9104 7481
4187 7216 7437
1572 9125 2162
1188 6996 7591
4229 183 9545
4243 7150 3105
2661 9167 3059
5667 6688 2875
5067 4378 9524
2646 4664 9482
4285 9188 6887
5015 160 4159
4976 4400 9503
4355 10364 2852
6463 137 4379
4397 4422 3197
4425 4444 9566
5499 114 2254
5331 10406 4423
1252 10427 9587
6562 91 2553
6551 68 4225
3445 45 3772
5197 229 9650
6540 436 4247
6529 4532 9692
5210 459 4093
6518 482 9461
5106 10532 3864
3403 10553 4467
6507 4620 4533
781 4642 9755
2601 10574 3427
5535 10595 4115
5547 4708 3611
3389 10616 9818
5080 505 4071
798 10343 9839
1268 4774 4269
6474 4796 4291
2571 528 9881
832 10679 9902
1348 551 851
2526 4136 989
3361 574 4489
4950 4070 9209
5355 10700 8978
4963 10721 23
5907 10742 9020
2511 4268 92
849 597 115
237 10784 138
6441 4290 9104
33 4224 4313
3557 10805 0
3571 4180 345
1284 10826 9146
3627 4114 391
3487 5610 414
1204 620 9167
6243 643 9188
6397 5390 4203
5691 8054 529
3641 5412 828
3613 10868 1679
50 666 9293
67 689 4335
5132 712 9314
3599 10070 9335
5158 5500 1794
3585 5522 9377
1332 5544 4445
1732 735 9419
6353 758 4511
6342 1149 4401
6331 9818 1150
4690 9839 4357
3543 2299 4137
3529 9881 1495
3501 9902 10469
2451 5346 1587
6309 2322 1564
101 5654 1518
2481 5676 5567
2496 2345 1472
4638 2368 5259
5775 2391 1426
2116 2414 10553
2541 9986 5281
2556 2437 5303
6276 10028 1288
5751 5720 5325
118 2460 5347
135 10049 10658
3319 5764 1196
3333 5786 5369
152 2483 5391
169 2506 5413
3347 2529 10742
4560 5082 5435
6881 4840 5457
6870 10091 10784
4651 2552 5479
6859 2575 2024
4534 2598 5501
6848 4950 1955
2084 4972 5523
4820 10112 1610
6837 4994 10889
6826 2621 10196
6815 2276 9965
3291 10154 1840
1876 2667 10007
4911 2690 10028
6793 2713 5545
6782 5038 5237
220 10196 1771
1796 10217 5589
3375 2736 1702
2676 2759 5611
1812 5104 10112
2691 10259 5633
5931 2782 5655
254 2805 10154
3431 10280 506
4846 5148 5677
2721 2828 5699
5895 5192 5721
271 2851 368
6573 5214 5743
288 2874 5765
305 10322 322
322 5258 69
5391 10637 5787
3935 5302 207
3949 2897 184
3963 5280 5809
4703 7991 5831
339 5236 5853
3977 2920 5875
4794 7844 10301
3991 4818 4907
4005 7760 4577
5295 5060 4599
4019 7718 966
6672 7634 10343
5259 2943 897
6661 2966 4621
1988 4862 10385
1940 8537 10406
5523 5742 4643
3921 2989 4665
4061 8390 805
4075 8369 4687
1908 1931 759
5571 1885 736
2211 5632 7865
2346 1862 7949
6639 5566 713
1780 1839 8117
4089 8264 8096
407 1816 690
4103 8222 4709
1764 5478 7970
2391 5456 7886
5475 5434 3749
4898 5368 3726
5451 8096 4731
2406 8138 4753
5403 4092 7802
6606 4246 3588
4924 4334 3565
5559 4312 8558
424 1793 8600
4117 4598 8621
2180 1770 4775
4547 1747 3450
4145 4730 4797
2256 1517 3404
2020 4158 3381
1036 8558 8579
2361 4356 8789
1860 4510 3358
3683 7739 8831
3697 7655 8852
6738 1701 3519
2241 4488 4819
968 7823 4841
5439 1678 4863
2811 7949 3910
1924 1655 4885
4755 8033 4555
2736 1632 4048
5247 1609 3933
917 7865 8243
2436 1586 3795
6133 7802 4929
6045 1563 4951
5379 8600 8159
5319 1540 3335
5871 7480 2668
2068 1724 4973
985 7238 8432
3739 8516 8453
2100 8474 8495
2148 1908 2530
2466 8327 4995
1087 7106 2438
3767 1954 8684
1380 1977 5017
4521 2000 2392
951 2023 8474
6210 2046 8411
6199 7524 2346
2586 7348 2277
5715 7370 5039
2616 6380 8264
1220 8117 2185
4625 6336 5061
3809 8159 8180
5787 8180 8936
6023 8201 5083
3823 6226 8873
883 2069 8810
3837 5852 8726
6001 8306 3174
5184 2092 5105
2706 2115 5127
934 8411 5149
6232 8453 7760
2766 5874 7739
2781 8495 3013
3851 6842 2944
5847 8579 7907
6155 2138 7928
2796 2161 2921
1636 2184 5171
2631 7697 5193
1019 7781 8075
3879 6600 2806
3893 2207 5215
1138 6534 2783
2331 7928 2760
5343 2230 7823
662 2253 2737
