10910
5740 9077 8950
77 198 46
4510 6984 7045
1794 3063 3021
4701 7273 7396
3045 4781 4847
2112 3304 3398
4822 7622 7417
175 287 372
0 22 132
5713 8926 8835
6252 9850 9817
1394 2109 2183
5376 8527 8401
3813 5857 5888
3178 4936 4959
6228 9784 9684
1511 2441 2470
6891 10846 10780
4808 7469 7532
6544 10138 10409
515 771 642
3078 4804 4737
2231 3524 3576
6152 9627 9752
1125 1798 1766
539 855 481
48 0 68
5601 8659 8793
1948 3173 3084
3334 5221 5316
3707 5576 5738
832 1296 1482
952 1579 1524
4640 7116 7221
2381 3632 3778
1996 3215 3107
2492 4101 3933
5126 8133 8164
5967 9495 9354
1936 2819 2999
592 899 928
6107 9583 9640
192 242 216
4059 6344 6374
2437 3678 3756
332 618 527
5848 9121 9243
4092 6669 6553
2579 3923 3955
5406 8548 8574
885 1340 1265
6794 10670 10738
3762 5926 5976
1488 2353 2317
5054 7952 7988
577 944 974
1756 2688 2644
452 834 550
6676 10583 10430
3165 4980 5003
4460 6823 6958
6440 10230 10166
6781 10736 10759
6602 10541 10476
2197 3611 3530
395 435 619
2671 4164 4235
6664 10472 10498
5345 8464 8532
2396 3724 3665
4159 6648 6484
4521 6846 6889
2977 4716 4672
2551 4013 4044
4447 6915 7108
5876 9276 9309
2794 4388 4413
465 728 819
2333 3769 3711
2143 3434 3309
3918 6212 6131
1420 2263 2225
6807 10757 10717
6039 9474 9509
2035 3152 3176
6619 10426 10543
6819 10889 10803
712 1183 951
2303 3478 3553
655 1141 1043
6569 10253 10324
1449 2286 2360
4174 6690 6438
491 813 688
4975 7908 7727
3902 6191 6062
2643 3991 3910
6472 10405 10143
3283 5134 5069
6456 10184 10302
1108 1841 1878
2476 3969 4022
3368 5421 5448
5803 9144 9197
6531 10320 10345
4690 7337 7244
478 504 754
6240 9806 9880
3190 4958 4868
2809 4320 4392
5029 7779 7704
4580 7139 7332
5016 7733 7772
3670 5752 5514
986 1669 1636
736 1012 1198
1871 2865 2839
4418 6869 6820
3133 4867 4891
5588 8771 8729
4339 6961 6935
5765 8880 8996
725 1120 1089
1002 1556 1724
130 45 174
1810 2934 3063
6119 9671 9707
4679 7295 7266
747 989 1133
2848 4297 4455
5899 9233 9105
380 458 665
1588 2464 2402
116 67 90
5776 8834 9040
2276 3501 3598
2172 3370 3332
3092 4758 4826
1339 1883 2141
908 1426 1287
248 219 262
2247 3455 3507
5993 9386 9331
1249 2175 2034
3241 5155 5114
4259 6407 6689
5239 8222 8294
2366 3701 3642
3835 6147 6108
3985 6233 6265
2459 3946 4066
2063 3282 3240
1435 2240 2271
6517 10207 10388
6487 10342 10258
6291 10051 10014
5222 8267 8206
270 330 414
1476 2374 2339
438 596 573
5938 9430 9400
4189 6497 6461
2919 4605 4564
6306 10073 9924
1639 2756 2599
4625 7162 7129
4835 7400 7597
4565 7185 7354
1911 2956 2908
3440 5267 5224
1086 1625 1547
5532 8682 8772
2523 3833 4108
364 792 596
1017 1533 1592
6168 9872 9730
5420 8374 8511
3789 5880 5997
1325 2196 1899
1265 2021 2078
4388 6800 7087
897 1273 1309
5624 9056 8858
1544 2509 2555
3317 5333 5293
2993 4694 4716
1500 2309 2381
3465 5399 5270
208 265 239
2870 4495 4520
941 1384 1461
4729 7446 7509
3589 5530 5782
348 640 776
2887 4518 4541
3746 5970 5866
5468 8749 8685
4299 6711 6777
5097 7974 7945
4917 7756 7903
4667 7207 7152
6502 10384 10189
1778 3000 2862
4204 6585 6507
410 662 840
6377 9985 10122
5657 8993 8881
930 1405 1375
3515 5620 5583
4762 7601 7486
6710 10562 10453
3729 5903 5933
5445 8442 8490
550 706 861
3033 4672 4694
2947 4584 4606
5085 7929 7967
3476 5463 5427
5268 8353 8315
5254 8199 8229
2654 4208 4171
6350 10117 10058
1688 2734 2774
3498 5664 5716
298 550 798
6865 10824 10847
1704 2798 2732
5818 9098 9174
6017 9452 9488
1732 2665 2688
16 89 111
5433 8420 8468
6688 10518 10607
969 1711 1570
223 309 350
621 1035 1066
3933 6080 6018
1350 2087 2120
4872 7666 7639
1173 1820 1856
1600 2487 2534
1073 1510 1702
5787 9211 9266
5613 8813 8707
3695 5773 5824
5282 8289 8357
1826 2911 3042
2632 3877 4000
315 481 435
4900 7866 7750
2262 3546 3620
3062 4825 4781
4143 6563 6667
818 1227 1503
6767 10692 10628
2508 4122 3864
3453 5311 5247
6364 10029 10080
3546 5598 5845
698 1078 1111
1060 1602 1680
5980 9408 9530
4232 6606 6530
3214 4913 4981
4218 6519 6576
1574 2530 2492
5187 8087 8053
3202 5022 4937
4001 6386 6353
3946 6034 6154
3306 5066 5158
1560 2418 2447
6215 9717 9796
6580 10161 10280
6591 10276 10367
5003 7710 7795
4081 6256 6417
1885 3021 2885
2410 3791 3734
3487 5377 5339
4532 7251 7375
4793 7580 7463
3104 4846 4804
2023 3130 3153
5862 9320 9288
3631 5484 5650
5485 8792 8751
2747 4410 4370
3824 5948 5911
6836 10778 10868
638 1099 1177
1672 2596 2621
1310 2131 1922
4947 7687 7817
3776 5991 5955
3009 4737 4760
2290 3590 3461
4486 7095 7024
5833 9189 9151
4356 6938 6866
281 750 458
6263 9828 9859
3869 6103 6199
63 177 0
5173 8177 8076
3149 5001 5025
3617 5730 5491
6066 9605 9551
2763 4343 4434
1767 2642 2753
1097 1647 1614
6557 10363 10235
424 684 504
684 1057 1020
1198 1998 2162
3852 6057 6177
4473 6892 7066
2688 4187 4214
1463 2331 2294
2593 4035 4087
6136 9740 9774
2080 3259 3440
758 966 1155
1361 1929 2056
5457 8506 8378
4046 6323 6287
6650 10449 10521
5953 9516 9377
6851 10868 10889
1856 2978 2954
5888 9166 9128
2214 3568 3484
4017 6279 6309
6200 9694 9661
3644 5553 5672
1924 2842 2816
1965 3107 3198
5361 8485 8446
1280 1952 1990
2859 4453 4302
4498 7051 7002
1215 1975 2012
141 414 329
2933 4541 4497
5685 8971 9018
5921 9341 9466
2960 4649 4627
2565 3900 4129
3427 5355 5383
5317 8245 8272
4070 6430 6396
2424 3655 3800
919 1250 1219
1719 2619 2710
5910 9254 9220
2096 3326 3376
5727 9014 8973
3957 6169 6221
1383 1906 2204
2837 4274 4476
4032 6365 6242
3225 5043 5180
2010 3084 3219
5211 8041 8121
1187 1776 1812
4883 7887 7681
802 1468 1353
607 921 882
6321 9939 9992
6184 9762 9838
1841 3042 2977
527 573 710
4109 6451 6711
3603 5815 5537
3657 5642 5694
5502 8613 8663
5042 7801 7839
3116 4890 4914
1372 2065 1968
6274 9962 10036
1622 2777 2576
6423 10298 10212
3271 5177 5092
2537 4057 3887
5671 8903 8927
6753 10714 10674
4314 6779 6755
3968 6301 6331
3413 5198 5361
860 1447 1419
3561 5686 5606
3575 5836 5628
6005 9364 9422
670 1162 997
5306 8311 8336
3683 5507 5560
6028 9297 9444
32 111 153
2903 4563 4585
4848 7514 7554
846 1204 1331
2823 4474 4256
2158 3413 3354
5142 8110 8009
4327 6756 6732
3531 5708 5803
5158 8064 8185
105 133 23
4746 7423 7660
4989 7845 7882
6721 10625 10651
1032 1732 1658
786 1362 1440
6738 10648 10696
6389 10007 9947
4654 7229 7198
236 351 285
5391 8569 8424
4860 7492 7618
2186 3348 3263
5575 8705 8618
2620 4079 4150
5328 8397 8553
4961 7823 7861
1142 1753 1834
1898 2888 2931
3257 5112 5136
1405 2217 2248
3886 6125 6085
158 372 393
5070 7996 8032
2731 4366 4325
6636 10604 10565
5699 9035 9084
3295 5089 5046
3383 5289 5405
2714 4432 4348
503 527 732
3398 5442 5201
1656 2573 2666
2607 4143 3978
2779 4251 4279
3021 4626 4649
2046 3392 3419
2128 3236 3286
259 393 307
6401 9893 9970
5294 8332 8251
5753 8948 8904
873 1318 1242
1528 2395 2425
4282 6734 6799
6080 9650 9619
2350 3812 3843
561 876 905
4595 7316 7288
4712 7558 7440
4933 7643 7924
6050 9537 9574
6094 9560 9596
3351 5244 5470
6699 10495 10586
2448 3747 3688
4373 7029 6912
5199 8155 8099
1295 2043 2099
4549 7379 7175
4246 6541 6645
1046 1690 1745
2702 4230 4193
3718 5794 5760
91 155 195
5109 8018 8143
5547 8727 8814
4271 6627 6599
6878 10801 10825
4403 7006 6980
769 1489 1397
1611 2552 2513
4778 7536 7576
1158 1862 1789
6336 10095 9901
3801 6013 6041
6412 9916 10101
5517 8636 8595
5641 8857 9062
4610 7358 7310
2316 3856 3822
4433 7073 6843
5561 8590 8641
1232 2153 1945
1981 3194 3130
1744 2711 2795
4126 6474 6622
