10910
5624 8834 8835
0 0 0
4339 6800 6820
1778 2819 2816
4532 7116 7129
3045 4758 4758
2046 3236 3240
4712 7400 7417
141 219 216
14 21 22
5637 8855 8858
6119 9648 9661
1198 1883 1899
5328 8374 8378
3729 5857 5866
3116 4867 4868
6130 9670 9682
1511 2395 2402
6819 10778 10780
4725 7421 7440
6423 10138 10143
281 435 435
3062 4781 4779
2197 3455 3461
6142 9692 9705
1108 1753 1766
293 456 458
30 44 43
5468 8590 8595
1948 3084 3084
3317 5198 5201
3498 5484 5491
769 1204 1219
952 1510 1524
4543 7138 7150
2316 3632 3642
1965 3105 3107
2459 3854 3864
5109 8018 8030
5921 9318 9331
1794 2840 2837
561 876 882
6050 9537 9551
158 241 237
3968 6233 6242
2331 3655 3664
304 477 481
5787 9098 9105
4092 6428 6438
2475 3875 3886
5343 8395 8401
783 1226 1240
6721 10625 10628
3740 5880 5889
1405 2217 2225
5054 7929 7945
576 898 905
1622 2573 2576
320 499 504
6602 10426 10430
3128 4889 4890
4350 6822 6841
6436 10161 10164
6734 10647 10649
6614 10447 10453
2213 3477 3483
333 520 527
2654 4164 4171
6631 10468 10475
5357 8416 8422
2342 3678 3686
4109 6449 6461
4363 6845 6863
2960 4626 4627
2489 3898 3909
4374 6868 6886
5801 9121 9128
2714 4251 4256
348 543 550
2356 3701 3709
2062 3258 3261
3835 6034 6039
1417 2238 2247
6747 10668 10670
5934 9339 9354
1979 3126 3130
6643 10491 10498
6831 10800 10803
621 966 974
2230 3498 3506
634 987 997
6452 10184 10187
1432 2261 2270
4124 6470 6484
361 565 571
4883 7664 7681
3850 6055 6062
2503 3920 3931
6463 10207 10208
3225 5043 5046
6478 10228 10231
1125 1775 1789
2514 3942 3954
3334 5221 5224
5813 9142 9150
6494 10251 10253
4557 7161 7173
373 586 593
6158 9715 9727
3141 4910 4912
2729 4273 4277
4897 7685 7704
4568 7182 7195
4910 7707 7727
3509 5506 5513
969 1533 1547
649 1008 1020
1806 2863 2859
4387 6891 6907
3153 4932 4935
5480 8613 8616
4402 6914 6930
5651 8877 8881
660 1031 1041
985 1554 1569
45 66 65
1820 2886 2882
6170 9737 9748
4583 7205 7217
671 1052 1063
2743 4296 4298
5828 9164 9173
386 609 615
1528 2418 2424
56 88 86
5662 8900 8903
2243 3521 3529
2077 3279 3284
3076 4802 4802
1209 1905 1920
795 1248 1262
174 264 260
2257 3544 3551
5945 9360 9375
1220 1928 1941
3237 5064 5069
4139 6491 6507
5222 8199 8206
2373 3723 3732
3866 6076 6085
3979 6254 6264
2530 3964 3976
2091 3301 3306
1446 2284 2291
6507 10273 10275
6521 10296 10296
6274 9893 9901
5237 8222 8227
185 287 283
1460 2307 2314
401 632 638
5957 9382 9398
4151 6514 6529
2870 4495 4497
6289 9915 9923
1633 2596 2598
4594 7226 7239
4739 7444 7462
4609 7249 7262
1836 2908 2903
3349 5242 5246
1000 1577 1590
5493 8634 8638
2547 3987 3997
415 654 661
1011 1599 1613
6187 9760 9771
5373 8437 8443
3754 5902 5910
1236 1949 1963
1250 1970 1986
4419 6937 6953
806 1269 1284
5673 8923 8925
1540 2441 2447
3362 5264 5269
2976 4647 4649
1472 2328 2335
3379 5286 5292
196 308 304
2884 4516 4518
817 1292 1306
4752 7467 7483
3522 5527 5536
431 675 684
2901 4539 4539
3766 5925 5931
5508 8657 8659
4282 6711 6732
5070 7951 7966
4923 7730 7750
4624 7271 7283
6536 10317 10318
1849 2930 2926
4166 6536 6552
447 697 706
6304 9937 9946
5690 8944 8948
828 1313 1327
3536 5550 5557
4769 7490 7506
6660 10514 10520
3782 5946 5953
5386 8460 8464
461 719 727
2992 4669 4670
2917 4562 4562
5082 7973 7988
3390 5308 5315
5254 8244 8250
5268 8265 8271
2671 4187 4192
6316 9959 9967
1650 2617 2620
3552 5572 5580
472 741 748
6848 10821 10825
1666 2639 2641
5839 9185 9196
5972 9404 9420
1681 2660 2662
70 110 107
5398 8482 8485
6671 10535 10543
1026 1622 1635
211 330 327
682 1075 1085
3883 6098 6108
1265 1992 2007
4785 7511 7529
1142 1796 1810
1556 2462 2468
1043 1643 1657
5854 9208 9219
5525 8679 8681
3569 5594 5602
5282 8288 8293
1865 2951 2949
2561 4010 4018
489 764 769
4939 7753 7771
2272 3567 3574
3088 4825 4823
4180 6557 6575
839 1334 1349
6759 10689 10691
2572 4033 4040
3401 5329 5336
6330 9980 9989
3581 5615 5623
699 1097 1108
1056 1666 1679
5983 9426 9441
4196 6579 6597
3169 4955 4958
4210 6600 6620
1567 2484 2489
5125 8040 8051
3180 4978 4980
3995 6277 6286
3896 6121 6131
3253 5086 5091
1581 2506 2510
6203 9781 9793
6551 10338 10341
6562 10361 10363
4956 7774 7793
4011 6298 6307
1880 2974 2970
2388 3746 3755
3413 5351 5359
4636 7293 7306
4796 7532 7550
3104 4846 4846
1990 3147 3152
5870 9230 9241
3596 5637 5644
5536 8700 8703
2754 4319 4319
3799 5969 5975
6861 10843 10846
713 1118 1130
1693 2683 2684
1276 2014 2028
4969 7797 7815
3810 5991 5997
3004 4691 4692
2286 3589 3596
4434 6960 6974
5884 9251 9262
4446 6981 6995
506 787 792
6216 9804 9814
3907 6144 6154
86 132 128
5137 8063 8074
3192 4999 5002
3609 5660 5666
6062 9559 9572
2770 4341 4341
1709 2706 2707
1069 1689 1701
6573 10383 10384
523 808 815
730 1139 1151
1291 2036 2051
3924 6166 6176
4463 7004 7018
2688 4209 4214
1483 2350 2356
2587 4054 4063
6227 9826 9835
2108 3323 3329
744 1160 1174
1308 2059 2072
5410 8504 8507
4022 6321 6328
6682 10558 10564
5996 9448 9462
6876 10866 10867
1893 2995 2993
5899 9273 9285
2299 3610 3619
4035 6342 6350
6243 9848 9857
3623 5682 5689
1908 3017 3016
2002 3169 3175
5421 8525 8530
1319 2082 2094
2786 4364 4362
4476 7027 7039
1334 2105 2116
224 351 349
2930 4583 4583
5704 8965 8971
6010 9469 9485
3016 4712 4713
2601 4076 4084
3424 5373 5381
5294 8310 8314
4050 6364 6372
2402 3767 3777
853 1357 1370
1720 2729 2728
5910 9296 9308
2124 3346 3350
5718 8987 8993
3941 6189 6198
1351 2128 2138
2797 4385 4385
4061 6385 6393
3264 5109 5113
2018 3192 3196
5151 8085 8097
1156 1817 1832
4983 7820 7837
864 1380 1393
591 920 928
6343 10002 10010
6258 9871 9880
1920 3040 3039
537 830 838
4224 6622 6643
3636 5705 5711
3650 5726 5734
5553 8721 8724
5000 7841 7860
3208 5020 5023
1362 2151 2159
6358 10025 10032
1733 2752 2750
6585 10404 10407
3280 5132 5134
2615 4099 4105
5731 9008 9016
6773 10711 10714
4297 6734 6754
4075 6406 6416
3437 5395 5403
880 1401 1415
3663 5748 5756
3677 5770 5778
6027 9492 9507
755 1183 1196
5305 8332 8336
3691 5791 5800
6039 9514 9529
100 153 151
2944 4605 4606
4811 7553 7573
893 1422 1436
2808 4408 4406
2140 3368 3372
5162 8108 8119
4310 6755 6776
3703 5814 5823
5178 8131 8142
116 175 172
4823 7575 7595
5012 7863 7882
6787 10733 10736
1080 1711 1723
907 1445 1458
6804 10756 10759
6375 10048 10054
4653 7315 7327
241 372 370
5436 8546 8552
4839 7598 7616
2154 3389 3394
5568 8744 8746
2629 4121 4128
5451 8567 8574
5026 7884 7903
1167 1839 1854
1935 3061 3061
3292 5153 5156
1496 2372 2379
3952 6211 6219
253 393 392
5094 7996 8009
2822 4429 4429
6696 10581 10586
5745 9031 9039
3306 5175 5178
3451 5418 5425
2838 4451 4452
549 853 860
3466 5440 5447
1750 2773 2773
2641 4143 4149
2855 4472 4474
3033 4735 4735
2165 3411 3417
2182 3432 3438
270 414 413
6387 10070 10077
5316 8353 8357
5759 9052 9060
923 1467 1479
1595 2529 2533
4322 6778 6799
6076 9581 9595
2415 3790 3799
605 943 951
4666 7337 7350
4851 7620 7637
5040 7906 7924
6090 9602 9616
6106 9625 9638
3481 5461 5470
6710 10602 10607
2431 3811 3820
4488 7049 7061
5193 8154 8163
1373 2173 2181
4681 7358 7372
4241 6645 6664
1094 1732 1745
2702 4230 4235
3718 5836 5844
127 197 195
5205 8176 8185
5581 8766 8769
4254 6667 6686
6890 10887 10888
4503 7071 7084
935 1489 1502
1611 2552 2555
4868 7642 7660
1183 1862 1876
6398 10093 10099
3823 6013 6018
6412 10115 10122
5595 8788 8790
5771 9075 9083
4697 7379 7395
2442 3833 3843
4518 7094 7106
5610 8811 8813
1388 2195 2202
2031 3215 3217
1766 2796 2795
4265 6688 6709
