10952
5635 0 43
11 22 21
4339 43 107
1790 66 85
4543 88 128
3057 110 151
2057 132 172
4723 154 193
152 175 216
25 197 237
5648 219 258
6119 240 279
1198 262 300
5339 285 323
3740 308 346
3127 329 368
6141 351 391
1522 372 413
6819 393 434
4736 414 456
6434 435 477
292 456 500
3074 477 523
2210 499 544
6153 521 567
1119 542 590
281 565 613
41 587 634
5479 608 656
1959 631 678
3328 654 701
3509 676 724
780 697 747
963 719 769
4554 741 790
2327 764 812
1976 787 833
2470 810 856
5120 831 879
5932 853 902
1778 876 924
575 899 947
6050 921 970
169 943 993
3979 966 1016
2342 987 1038
315 1008 1061
5798 1029 1084
4103 1052 1105
2486 1075 1127
5354 1098 1149
794 1120 1172
6733 1141 1194
3751 1162 1215
1416 1183 1238
5066 1204 1261
590 1225 1282
1633 1247 1303
331 1269 1325
6613 1290 1347
3139 1313 1369
4361 1334 1391
6447 1357 1414
6746 1380 1435
6625 1402 1458
2226 1423 1480
344 1444 1501
2666 1467 1523
6642 1489 1544
5368 1510 1566
2353 1532 1588
4120 1555 1611
4350 1576 1633
2972 1599 1654
2500 1621 1677
4386 1644 1699
5812 1665 1721
2725 1688 1743
359 1711 1765
2367 1732 1786
2073 1753 1808
3846 1775 1830
1428 1797 1853
6721 1818 1874
5921 1839 1896
1948 1860 1919
6654 1883 1941
6844 1905 1962
632 1927 1983
2243 1950 2004
645 1971 2026
6463 1992 2049
1443 2014 2070
4135 2036 2092
372 2058 2115
4895 2081 2136
3861 2104 2158
2459 2127 2180
6474 2150 2202
3236 2173 2223
6489 2195 2244
1136 2217 2267
2525 2239 2288
3345 2260 2310
5824 2283 2333
6505 2306 2354
4532 2329 2377
384 2350 2398
6169 2372 2421
3152 2395 2444
2740 2416 2465
4909 2439 2487
4579 2462 2510
4922 2483 2531
3520 2505 2552
980 2527 2573
660 2550 2596
1818 2573 2618
4399 2596 2639
3164 2619 2661
5491 2640 2683
4414 2662 2704
5624 2683 2725
621 2706 2747
996 2729 2770
0 2752 2791
1832 2775 2813
6181 2796 2836
4568 2819 2858
671 2842 2880
2754 2863 2901
5787 2886 2924
397 2909 2947
1539 2931 2968
67 2953 2991
5662 2974 3014
2256 2997 3035
2088 3018 3058
3088 3040 3081
1220 3063 3104
806 3084 3126
185 3105 3148
2270 3126 3171
5956 3147 3194
1231 3169 3217
3248 3192 3238
4150 3215 3259
5233 3236 3282
2384 3258 3305
3877 3280 3326
3990 3301 3349
2541 3323 3371
2102 3345 3394
1457 3368 3415
6518 3390 3437
6532 3411 3459
6285 3434 3482
5248 3455 3503
141 3476 3526
1471 3498 3548
412 3519 3571
5968 3542 3594
4162 3565 3616
2883 3588 3639
6300 3610 3661
1644 3632 3684
4606 3654 3707
4750 3677 3729
4621 3700 3751
1848 3723 3774
3360 3745 3797
1011 3768 3820
5504 3789 3842
2558 3812 3864
426 3833 3885
1022 3854 3906
6198 3876 3929
5384 3897 3951
3765 3920 3974
1247 3942 3996
1261 3965 4018
4431 3987 4040
817 4010 4061
5685 4033 4082
1551 4055 4103
3373 4076 4126
2988 4098 4147
1405 4121 4168
3390 4143 4191
207 4164 4213
2897 4185 4234
769 4208 4255
4763 4230 4277
3533 4251 4298
442 4272 4321
2914 4294 4342
3777 4317 4363
5519 4340 4384
4294 4362 4406
5054 4385 4427
4935 4408 4448
4594 4429 4471
6547 4452 4494
1861 4474 4517
4177 4495 4539
458 4516 4560
6315 4537 4581
5702 4560 4602
828 4583 4625
3547 4605 4648
4780 4626 4669
6602 4647 4690
3793 4668 4712
5397 4690 4733
304 4712 4755
3004 4735 4778
2870 4758 4800
5082 4779 4822
3317 4802 4843
5265 4823 4866
5279 4846 4887
2683 4867 4910
6327 4890 4932
1661 4912 4954
3563 4933 4976
484 4955 4999
6831 4978 5022
1677 4999 5044
5850 5020 5065
5945 5043 5088
1692 5066 5110
81 5087 5133
5409 5109 5155
6671 5132 5178
1037 5155 5199
222 5176 5221
693 5198 5243
3894 5219 5264
1209 5242 5287
4712 5263 5309
1153 5285 5332
1567 5307 5355
1054 5329 5378
5865 5351 5400
5468 5373 5423
3580 5395 5445
5293 5418 5467
1877 5439 5490
2514 5461 5512
501 5484 5533
4951 5505 5555
2285 5527 5577
3100 5548 5600
4191 5571 5621
850 5593 5644
6773 5615 5666
2584 5636 5687
3412 5658 5708
6341 5681 5730
3592 5703 5753
710 5726 5775
1067 5747 5798
5994 5769 5820
4207 5791 5842
3116 5812 5864
4221 5835 5887
1578 5857 5908
5136 5879 5930
3180 5902 5953
4006 5924 5974
3907 5947 5995
3225 5968 6017
1592 5991 6039
6214 6012 6060
6562 6034 6081
6423 6056 6102
4968 6077 6125
4022 6098 6148
1892 6120 6171
2399 6143 6194
3401 6166 6217
4649 6188 6239
4808 6211 6261
3045 6233 6284
1990 6254 6305
5881 6275 6327
3607 6298 6349
5549 6319 6370
2765 6342 6391
3729 6363 6413
6874 6385 6435
724 6406 6458
1704 6428 6480
1287 6449 6503
4981 6470 6526
3822 6491 6549
2960 6512 6572
2197 6535 6594
4374 6557 6617
5895 6578 6640
4458 6600 6662
518 6621 6685
6130 6643 6708
3918 6666 6729
97 6688 6751
5148 6711 6774
3192 6734 6797
3620 6757 6819
6075 6778 6841
2781 6800 6862
1622 6822 6883
952 6845 6906
6573 6868 6928
535 6889 6949
741 6912 6970
1302 6935 6993
3935 6958 7016
4475 6981 7037
2700 7003 7059
1483 7026 7082
2599 7049 7103
6242 7071 7126
2119 7093 7149
682 7116 7171
1319 7137 7193
5328 7159 7214
4033 7182 7237
6693 7203 7259
6007 7226 7281
6889 7248 7304
1905 7271 7327
5910 7293 7348
2299 7315 7371
4046 7337 7392
6227 7358 7414
3634 7379 7436
1806 7400 7459
2015 7421 7480
5421 7442 7503
1330 7465 7525
2714 7488 7546
4446 7511 7569
1345 7532 7592
235 7554 7613
2930 7575 7636
5716 7597 7658
6021 7620 7679
3028 7642 7700
2613 7664 7723
3424 7686 7745
5305 7707 7768
3968 7729 7791
2413 7752 7814
839 7775 7835
1732 7796 7857
5839 7819 7879
2135 7842 7901
5730 7863 7924
3835 7884 7945
1362 7906 7966
2797 7929 7987
4061 7951 8009
3275 7973 8030
2002 7996 8051
5109 8018 8072
1108 8041 8094
4995 8063 8115
876 8086 8138
561 8108 8161
6354 8130 8183
6258 8153 8206
1933 8176 8227
472 8199 8248
4235 8220 8269
3647 8243 8290
3661 8265 8313
5566 8286 8334
4883 8309 8356
3208 8331 8377
1276 8353 8399
6369 8374 8420
1745 8395 8443
6585 8416 8466
3291 8437 8487
2627 8458 8508
5743 8481 8529
6759 8503 8550
4309 8525 8572
4075 8546 8594
3437 8567 8616
892 8590 8637
3674 8611 8659
3688 8634 8680
6038 8655 8702
755 8678 8723
5222 8700 8745
3702 8722 8768
5983 8743 8789
111 8766 8811
2944 8788 8832
4823 8811 8854
905 8834 8877
2808 8857 8899
2151 8878 8922
5174 8900 8945
4282 8923 8967
3714 8946 8990
5190 8967 9013
56 8988 9036
4835 9010 9058
5012 9031 9081
6802 9054 9104
1094 9075 9125
919 9098 9147
6787 9119 9170
6386 9142 9193
4636 9163 9215
252 9185 9238
5436 9207 9261
4796 9230 9284
2046 9252 9306
5536 9273 9327
2572 9295 9350
5451 9318 9373
5026 9339 9394
1182 9360 9417
1920 9382 9438
3303 9404 9461
1496 9426 9483
3952 9449 9505
264 9471 9526
5094 9492 9549
2837 9515 9571
6707 9537 9593
5757 9559 9614
3264 9582 9637
3466 9604 9660
2853 9625 9681
549 9648 9703
3451 9670 9724
1762 9692 9745
2641 9714 9768
2822 9737 9790
3016 9759 9811
2180 9782 9834
2165 9803 9856
196 9826 9877
6398 9849 9900
5316 9871 9922
5673 9893 9943
864 9916 9964
1606 9938 9986
4322 9960 10009
6089 9982 10030
2426 10003 10052
605 10025 10073
4666 10048 10095
4866 10071 10117
5040 10093 10140
6103 10116 10162
6062 10138 10185
3481 10160 10206
6682 10183 10227
2316 10206 10250
4502 10229 10271
5162 10250 10294
1373 10273 10316
4696 10295 10338
4252 10318 10359
1080 10339 10381
2654 10360 10404
3498 10383 10426
127 10404 10449
5205 10426 10472
5581 10447 10495
4092 10468 10518
6861 10489 10540
4517 10512 10563
935 10535 10585
1511 10558 10606
4851 10581 10627
1167 10604 10649
6409 10625 10670
3810 10646 10691
6274 10668 10712
5609 10689 10733
5771 10711 10755
4681 10733 10778
2442 10755 10799
4488 10778 10822
5595 10800 10845
1388 10822 10866
2031 10843 10888
1720 10866 10910
4265 10889 10931
