10910
5524 8726 8770
6787 10778 10823
4237 6692 6755
1759 2843 2887
4520 7139 7196
2915 4605 4648
1927 3105 3153
4651 7356 7417
134 260 304
6828 10843 10889
5510 8704 8747
6105 9674 9726
1111 1797 1853
5281 8348 8398
3629 5747 5799
3044 4803 4849
6132 9718 9768
1431 2330 2378
6716 10668 10712
4664 7377 7440
6405 10162 10210
360 614 658
2972 4693 4735
2140 3414 3464
6089 9651 9704
1036 1687 1743
349 593 635
6888 22 63
5399 8527 8573
1885 3041 3084
3351 5308 5358
3368 5331 5381
808 1335 1393
935 1532 1588
4432 7008 7062
2257 3591 3643
1902 3062 3107
2440 3877 3933
5076 8024 8075
5804 9187 9242
1747 2820 2865
476 791 841
5950 9429 9486
35 108 150
3887 6166 6219
2202 3500 3553
372 635 681
5740 9074 9129
4023 6366 6417
2412 3831 3889
5210 8243 8289
796 1313 1371
6661 10581 10628
3615 5725 5778
1289 2087 2138
4951 7821 7877
445 746 795
1534 2487 2532
304 526 566
6567 10428 10472
3014 4759 4804
4224 6669 6733
6389 10139 10187
6648 10560 10607
6539 10386 10427
2080 3325 3374
334 570 612
2550 4053 4103
6579 10449 10495
5239 8285 8332
2243 3568 3620
4122 6516 6576
4319 6826 6886
2899 4584 4626
2371 3766 3822
4342 6871 6931
5713 9031 9084
2584 4098 4146
167 303 348
2226 3546 3597
2036 3259 3306
3812 6037 6088
1301 2108 2160
6608 10495 10541
5883 9320 9374
1833 2952 2997
6486 10294 10341
6743 10713 10756
626 1030 1086
2067 3302 3351
611 1009 1063
6293 9985 10033
1329 2153 2206
4137 6537 6599
208 370 411
4786 7555 7615
3705 5881 5929
2329 3701 3754
6304 10008 10054
3095 4890 4936
6319 10029 10077
1019 1666 1722
2340 3723 3777
3282 5197 5248
5725 9052 9106
6335 10052 10099
4509 7118 7174
235 414 456
6015 9540 9595
2986 4714 4758
2655 4207 4258
4872 7686 7747
4417 6985 7040
4817 7597 7660
3431 5441 5491
848 1403 1458
600 986 1042
1733 2797 2842
4387 6940 6996
2998 4736 4781
5422 8571 8616
4355 6894 6952
5646 8922 8973
578 942 998
878 1445 1502
0 44 85
1690 2730 2775
6056 9607 9659
4531 7161 7217
536 876 930
2729 4319 4366
5702 9010 9061
220 391 433
1464 2376 2422
6874 0 42
5578 8811 8859
2126 3391 3442
1990 3193 3240
2932 4628 4669
1191 1933 1983
785 1292 1349
123 237 281
2111 3368 3419
5894 9341 9395
1231 1999 2048
3141 4978 5026
4011 6343 6395
5155 8154 8204
2297 3657 3710
3734 5925 5975
3931 6230 6284
2456 3898 3955
1973 3171 3217
1275 2064 2115
6348 10074 10121
6374 10118 10165
6251 9919 9965
5138 8132 8181
112 216 260
1369 2221 2271
290 504 543
5840 9253 9309
3996 6321 6372
2816 4452 4496
6278 9963 10010
1561 2533 2576
4494 7095 7151
4638 7333 7396
4402 6963 7019
1664 2687 2729
3269 5175 5225
967 1578 1633
5479 8658 8704
2484 3944 3998
151 282 325
952 1555 1611
6073 9630 9682
5296 8369 8421
3640 5770 5822
1217 1978 2025
1202 1956 2004
4372 6917 6975
693 1138 1193
5589 8834 8881
1476 2399 2445
3241 5132 5181
2883 4562 4605
1343 2176 2227
3202 5067 5113
68 152 194
2785 4407 4452
639 1051 1109
4736 7488 7548
3379 5353 5403
274 482 521
2769 4384 4429
3599 5704 5756
5449 8614 8659
4152 6558 6622
4967 7843 7898
4753 7511 7571
4557 7203 7261
6457 10252 10297
1648 2666 2706
4054 6408 6463
260 460 500
6228 9874 9922
5632 8901 8950
704 1161 1215
3444 5462 5514
4599 7269 7330
6556 10407 10449
3664 5814 5864
5198 8221 8268
197 348 390
2830 4473 4517
2756 4363 4408
4924 7776 7835
3258 5154 5204
5170 8177 8225
5184 8198 8246
2567 4076 4124
6214 9853 9900
1578 2554 2598
3504 5549 5602
180 325 369
6689 10625 10670
1594 2576 2619
5765 9120 9175
5855 9275 9331
1609 2597 2640
6801 10799 10845
5326 8415 8463
6503 10317 10363
907 1489 1544
22 87 128
561 920 975
3721 5902 5952
1068 1730 1789
4627 7312 7375
1005 1645 1700
1381 2242 2292
822 1357 1414
5657 8945 8995
5411 8550 8594
3562 5637 5690
5092 8046 8096
1775 2864 2908
2473 3921 3976
317 547 589
4800 7576 7638
2097 3346 3397
2944 4651 4690
4082 6451 6509
663 1093 1151
6620 10516 10562
2356 3745 3799
3328 5264 5313
6158 9762 9814
3474 5505 5560
522 855 908
835 1380 1436
5791 9165 9221
4040 6387 6440
3072 4846 4892
4068 6429 6486
1403 2285 2334
5052 7979 8030
3083 4869 4914
3915 6209 6263
3785 5992 6042
3118 4934 4982
1417 2307 2355
6043 9584 9638
6446 10229 10275
6435 10207 10254
4885 7708 7770
3851 6101 6154
1677 2709 2752
2283 3636 3688
3340 5286 5336
4446 7031 7085
4693 7422 7483
2960 4672 4713
1873 3019 3061
5688 8989 9040
3535 5593 5646
5382 8506 8552
2625 4164 4213
3694 5859 5907
6728 10690 10735
491 813 864
1621 2620 2662
1176 1911 1960
4844 7641 7704
3681 5837 5886
2854 4518 4562
2156 3436 3486
4307 6805 6865
5673 8967 9017
4290 6782 6842
414 702 749
5989 9495 9551
3768 5970 6020
6773 10757 10800
5011 7911 7962
3056 4825 4871
3417 5419 5468
5920 9384 9441
2713 4296 4345
1637 2643 2685
924 1510 1566
6362 10097 10142
400 680 726
508 834 885
1122 1819 1874
3751 5947 5998
4248 6714 6776
2536 4032 4082
1316 2131 2183
2510 3989 4040
6027 9562 9616
1943 3127 3174
589 963 1020
1165 1888 1938
5255 8306 8353
3838 6080 6132
6525 10363 10405
5906 9363 9418
6702 10647 10691
1706 2752 2796
5754 9097 9152
2169 3457 3509
3947 6253 6306
6000 9517 9572
3574 5658 5711
1721 2774 2819
1857 2996 3040
5266 8327 8376
1139 1842 1895
2614 4143 4190
4330 6849 6909
1079 1752 1810
51 131 173
2802 4430 4473
5564 8789 8837
5866 9297 9352
2866 4539 4583
2426 3854 3912
3228 5110 5159
5115 8089 8138
3876 6145 6198
2213 3523 3575
745 1226 1281
1492 2420 2466
5780 9143 9198
2051 3280 3329
5551 8768 8814
3827 6058 6111
1154 1865 1917
2702 4273 4324
3862 6124 6175
3171 5022 5070
1844 2973 3019
5025 7933 7985
978 1600 1656
4769 7534 7592
729 1205 1259
431 723 772
6171 9784 9835
6116 9696 9747
1790 2887 2929
388 657 704
3979 6298 6351
3460 5484 5537
3393 5376 5424
5352 8460 8507
4898 7731 7792
3027 4780 4826
1247 2020 2070
6197 9830 9878
1505 2443 2488
6418 10185 10231
3129 4957 5004
2398 3809 3866
5606 8855 8904
6634 10538 10585
4184 6603 6665
3898 6187 6241
3314 5241 5291
650 1072 1130
3521 5571 5624
3548 5616 5668
5817 9208 9265
547 899 952
5104 8068 8117
3587 5681 5733
5829 9230 9287
6844 10866 0
2740 4342 4387
4615 7290 7353
715 1182 1237
2641 4186 4235
1959 3150 3195
5036 7956 8007
4197 6624 6687
3489 5527 5581
4979 7865 7920
6817 10821 10866
4720 7465 7527
4830 7620 7683
6591 10472 10518
864 1424 1480
677 1116 1172
6674 10603 10649
6266 9941 9987
4569 7225 7284
83 174 217
5224 8264 8310
4708 7443 7506
1916 3083 3130
5466 8636 8681
2498 3967 4019
5309 8392 8442
4858 7664 7726
989 1622 1678
1805 2908 2951
3157 5000 5048
1354 2198 2248
3796 6015 6065
95 195 239
4936 7799 7856
2686 4251 4301
6472 10273 10320
5537 8747 8793
3107 4911 4959
3187 5045 5091
2669 4230 4279
248 437 478
3213 5089 5136
1545 2510 2554
2385 3788 3844
2599 4120 4167
2842 4495 4539
2004 3215 3262
2021 3236 3283
11 66 106
6240 9896 9943
5126 8111 8160
5620 8878 8927
773 1270 1326
1448 2353 2400
4167 6581 6644
5975 9474 9530
2186 3479 3532
460 768 818
4463 7053 7106
4582 7247 7307
4910 7753 7814
5934 9406 9464
5962 9451 9507
3297 5218 5270
6514 10340 10384
2272 3614 3665
4209 6647 6710
5064 8002 8053
1096 1775 1832
4478 7074 7128
4109 6494 6554
893 1468 1523
2524 4011 4061
3406 5398 5446
6860 10888 21
4994 7888 7941
5435 8592 8638
4098 6473 6531
6760 10734 10778
4275 6759 6820
756 1249 1304
1392 2264 2313
4678 7400 7462
1053 1709 1766
6144 9740 9791
3652 5793 5843
6186 9807 9857
5367 8483 8529
5494 8681 8725
4542 7182 7239
2312 3680 3733
4261 6737 6797
5338 8437 8485
1258 2042 2092
1818 2931 2974
1522 2464 2511
3962 6275 6328
