10910
215 268 131
168 202 0
248 134 175
71 311 154
261 223 196
286 179 217
303 354 87
335 442 259
348 289 238
377 0 282
422 398 324
460 332 436
97 376 347
487 463 368
502 530 391
513 553 414
525 420 457
601 575 480
623 598 502
579 484 525
635 507 303
649 685 547
709 664 592
661 620 570
737 706 638
753 642 615
770 729 682
781 815 660
796 837 728
808 772 705
825 904 749
842 750 793
863 793 772
909 860 815
946 1016 838
926 949 861
960 1060 883
974 883 927
1013 927 906
1029 1104 949
1042 1081 972
1057 972 994
1072 994 1017
1084 1125 1038
1150 1039 1061
1133 1171 1083
1161 1194 1105
1177 1216 1128
1199 1304 1151
1220 1148 1174
1275 1239 1197
1327 1260 1218
1308 1325 1240
1372 1347 1261
1339 1369 1282
1354 1282 1304
1386 1436 1325
1419 1390 1348
1430 1458 1370
1443 1479 1393
1401 1544 1416
1475 1413 1438
1544 1521 1460
1455 1611 1483
1526 1632 1504
1564 1500 1526
1611 1588 1549
1593 1653 1572
1631 1565 1593
1660 1699 1639
1643 1676 1616
1683 1764 1660
1706 1720 1683
1750 1808 1728
1728 1829 1706
1771 1785 1750
1814 1743 1792
1792 1916 1771
1835 1851 1814
1895 1873 1835
1912 2028 1858
1848 1984 1881
1863 1938 1904
1878 1895 1927
1927 2070 1948
1938 2114 1969
2013 1961 1991
1949 2049 2013
1966 2158 2035
1979 2005 2058
1992 2179 2081
2030 2135 2104
2041 2091 2148
2055 2221 2125
2070 2242 2192
2082 2200 2169
2096 2263 2214
2112 2305 2237
2123 2284 2260
2138 2371 2283
2150 2348 2306
2166 2435 2328
2183 2392 2349
2199 2327 2371
2214 2478 2393
2229 2522 2416
2242 2414 2438
2253 2857 2460
2266 2880 2482
2278 2456 2503
2290 245 2526
2304 2500 2547
2317 2567 2593
2332 2544 2570
2345 2590 2615
2358 2611 2638
2374 2678 2706
2385 2632 2660
2399 2655 2683
2414 2701 2727
2430 2814 2750
2443 2724 2772
2460 2747 2795
2471 2770 2817
2482 2791 2839
2497 2925 2860
2508 2835 2904
2524 2947 2881
2541 2993 2925
2552 2902 2947
2563 3036 2969
2574 3059 2990
2585 2970 3013
2600 3102 3036
2612 3014 3059
2626 3169 3102
2637 3125 3080
2651 3080 3124
2665 3237 3167
2677 3192 3146
2688 3148 3188
2699 3260 3210
2710 3306 3233
2725 3215 3256
2737 3329 3279
2753 3418 3301
2769 3283 3323
2781 3395 3345
2796 3440 3366
2811 3350 3389
2828 3463 3412
2844 3372 3434
2861 3507 3455
2878 3615 3478
2892 3638 3501
2906 3486 3522
2921 3593 3544
2936 3529 3566
2953 3551 3589
2964 3572 3655
2976 3661 3610
2990 3705 3633
3005 3727 3676
3020 3772 3699
3034 3683 3720
3049 3793 3743
3066 3836 3765
3081 3749 3788
3094 3859 3809
3109 3904 3830
3122 3814 3853
3135 3926 3876
3146 3969 3899
3161 3881 3920
3175 3992 3941
3191 4034 3964
3206 3948 3986
3222 4057 4008
3235 4124 4029
3247 4013 4050
3261 4147 4094
3276 4191 4073
3291 4080 4115
3302 4103 4137
3319 4214 4160
3335 4257 4181
3352 4169 4204
3368 4279 4225
3379 4324 4246
3390 4235 4269
3405 4389 4313
3422 4368 4292
3433 4301 4334
3450 4457 4357
3464 4346 4401
3480 4434 4378
3496 4480 4423
3512 4412 4467
3529 4523 4445
3544 4546 4489
3556 4589 4511
3572 4501 4532
3584 4612 4555
3599 4654 4578
3615 4568 4601
3629 4675 4624
3643 4739 4645
3655 4633 4666
3669 4761 4712
3680 4804 4689
3696 4697 4734
3712 4718 4757
3723 4826 4780
3740 4914 4802
3752 4782 4823
3763 4957 4844
3775 4936 4866
3788 4849 4887
3800 4872 4908
3811 4893 4973
3825 4979 4929
3839 5024 4951
3856 5046 4994
3870 5088 5016
3886 5002 5037
3903 5110 5059
3920 5178 5080
3933 5067 5101
3948 5245 5122
3963 5223 5145
3974 5133 5166
3986 5156 5188
4002 5268 5209
4014 5200 5253
4025 5313 5231
4042 5334 5274
4055 5376 5296
4072 5290 5319
4085 5398 5342
4096 5442 5363
4107 5355 5384
4121 5463 5406
4132 5507 5427
4145 5420 5449
4161 5530 5471
4172 5574 5493
4184 5485 5514
4196 5595 5535
4211 5618 5556
4222 5551 5578
4239 5707 5601
4256 5728 5646
4270 5686 5623
4286 5641 5668
4302 5663 5713
4316 5772 5690
4330 5794 5734
4345 5838 5757
4357 5750 5780
4370 5860 5801
4385 5926 5822
4399 5815 5844
4412 6012 5889
4425 5905 5866
4439 5882 5910
4450 6056 5932
4464 6034 5955
4478 5947 5976
4490 5970 5999
4502 5991 6066
4518 6078 6021
4529 6124 6044
4540 6147 6087
4554 6170 6110
4567 6101 6131
4578 6237 6175
4589 6193 6153
4602 6303 6196
4613 6326 6217
4626 6216 6262
4640 6281 6240
4651 6259 6329
4668 6347 6284
4683 6391 6307
4695 6412 6350
4707 6456 6373
4721 6368 6394
4734 6477 6416
4751 6521 6437
4767 6434 6459
4778 6543 6481
4793 6588 6502
4810 6498 6523
4826 6651 6546
4841 6673 6569
4855 6566 6591
4868 90 6612
4880 6609 6633
4893 6630 6702
4905 6739 6656
4920 6761 6679
4937 6696 6723
4954 6717 6746
4965 6827 6790
4982 6849 6767
4996 6784 6812
5010 6806 6881
5026 6893 6835
5040 6915 6858
5054 6870 6902
5070 6937 6968
5081 7003 6923
5092 7025 6945
5104 6960 6989
5118 6982 7012
5132 7046 43
5149 7069 7035
5166 7092 7057
5179 7115 7078
5193 7136 7099
5206 7158 7122
5220 7180 7143
5236 7202 7165
5252 7225 7186
5263 7248 7208
5274 7271 7230
5285 7292 7253
5298 7313 7275
5312 7336 7297
5326 7357 7320
5340 7378 7341
5355 7400 7364
5366 7423 7387
5383 7445 7410
5398 7467 7432
5413 7490 7455
5426 7513 7477
5438 7536 7500
5454 7559 7521
5469 7580 7543
5484 7603 7565
5495 7624 7588
5507 7646 7610
5524 7669 7632
5541 7690 7653
5555 7712 7676
5569 7734 7698
5586 7757 7720
5603 7780 7742
5617 7803 7763
5630 7825 7785
5641 7847 7807
5652 7868 7828
5665 7891 7850
5676 7914 7873
5689 7937 7895
5700 7959 7918
5716 7981 7940
5729 8002 7963
5740 8024 7984
5751 8047 8005
5762 8070 8026
5776 8137 8049
5792 8091 8070
5805 8114 8091
5816 8181 8113
5827 8160 8135
5844 8203 8158
5860 8245 8180
5874 8268 8203
5889 8291 8225
5905 8224 8246
5920 8336 8268
5932 8313 8290
5949 8404 8311
5963 8359 8334
5976 8381 8356
5991 8448 8378
6003 8425 8400
6020 8493 8423
6031 8470 8445
6048 8537 8467
6065 8515 8490
6082 8580 8513
6094 8558 8535
6108 8601 8558
6122 8624 8581
6136 8646 8603
6149 8667 8625
6166 8689 8647
6180 8755 8669
6193 8712 8690
6207 8734 8712
6221 8776 8734
6233 8798 8756
6247 8819 8779
6258 8840 8800
6270 8863 8823
6281 8886 8845
6297 8908 8866
6313 8929 8887
6325 8951 8909
6339 8974 8931
6353 8995 8954
6367 9016 8976
6383 9039 8999
6395 9062 9022
6410 9084 9043
6425 9107 9064
6436 9150 9087
6452 9129 9108
6466 9173 9129
6483 9218 9152
6497 9196 9174
6513 9261 9195
6528 9239 9216
6540 9283 9239
6553 9305 9262
6565 9326 9284
6580 9347 9306
6592 9369 9327
6603 9391 9350
6616 9413 9373
6628 9435 9394
6645 9458 9415
6659 9503 9436
6675 9526 9458
6688 9571 9481
6702 9480 9503
6717 9549 9526
6733 9614 9549
6750 9635 9570
6765 9657 9591
6781 9593 9614
6795 9702 9635
6809 9679 9656
6820 9723 9679
6835 9768 9701
6852 9745 9723
6864 9789 9745
6879 9810 9768
6895 9833 9790
6908 9854 9812
6923 9877 9835
6935 9900 9858
6952 9921 9879
6967 9944 9902
6978 9965 9924
6989 9988 9946
7001 10009 9967
7013 10032 9990
7025 10054 10013
7041 10119 10035
7058 10077 10056
7072 10098 10077
7088 10141 10098
7104 10164 10121
7119 10185 10143
7136 10207 10166
7150 10230 10187
7166 10299 10209
7179 10253 10232
7196 10276 10253
7207 10322 10274
7218 10366 10297
7233 10344 10320
7245 10409 10342
7260 10388 10363
7276 10431 10386
7289 10474 10408
7303 10453 10429
7315 10517 10450
7326 10495 10472
7340 10560 10493
7357 10538 10514
7371 10606 10535
7382 10583 10558
7395 10627 10580
7410 10671 10602
7427 10650 10624
7438 10692 10645
7453 10736 10666
7468 10714 10689
7482 10757 10712
7494 10887 10733
7505 10842 10754
7520 111 10777
7536 10778 10799
7551 10799 10821
7568 10820 10842
7582 44 10865
7596 10865 10887
7613 23 64
7628 67 22
7640 156 108
