10910
1242 8942 1985
6889 0 10888
2596 6800 4115
5065 2908 8008
2318 7249 3673
3828 4823 6087
4855 3236 7672
2110 7577 3340
6722 285 10629
6873 21 10867
1255 8920 2008
747 9783 1143
5637 1992 8903
1560 8439 2492
3169 5902 5024
3736 4976 5933
799 9693 1228
5334 2484 8422
130 10778 175
2205 7421 3494
425 10295 659
6450 699 10210
3845 4802 6108
4705 3477 7428
758 9760 1164
5759 1797 9101
6412 766 10142
6858 44 10845
1335 8790 2143
4886 3194 7716
3574 5242 5687
3280 5702 5222
6121 1225 9672
5948 1510 9386
2400 7116 3804
4559 3698 7202
4916 3150 7760
4278 4143 6762
1794 8064 2861
974 9382 1537
4985 3040 7872
6327 899 10005
842 9626 1295
6676 349 10563
2953 6233 4692
4574 3675 7224
6356 854 10051
1093 9188 1736
2709 6624 4293
4388 3964 6936
1604 8374 2557
6035 1378 9519
171 10712 242
3114 5989 4939
5420 2351 8552
1864 7952 2969
6312 921 9982
5284 2573 8335
6399 787 10119
319 10470 482
3803 4867 6043
2558 6867 4050
438 10272 680
227 10625 329
342 10426 526
4688 3499 7405
6372 831 10074
4247 4164 6741
254 10579 372
1588 8395 2536
4545 3721 7179
2726 6603 4316
2414 7093 3827
3944 4648 6262
4445 3876 7024
2571 6844 4072
1040 9275 1648
4136 4364 6547
6593 478 10431
4599 3632 7268
4752 3390 7516
2977 6189 4737
5432 2328 8574
201 10668 286
1001 9340 1583
4930 3129 7783
280 10535 416
58 10866 90
6201 1097 9800
4616 3609 7291
6228 1055 9846
372 10381 570
5406 2372 8531
2785 6516 4405
6523 589 10324
1966 7795 3120
3020 6122 4805
4365 4009 6892
383 10360 591
3681 5065 5865
485 10204 747
5792 1753 9146
4349 4031 6870
3521 5331 5597
1118 9143 1782
359 10404 548
2346 7206 3715
6510 610 10302
774 9738 1186
3707 5021 23
4062 4472 6436
1980 7773 3143
2288 7292 3629
1906 7883 3033
3305 5659 5266
5904 1576 9320
6176 1139 9757
5125 2819 8094
2425 7070 3850
3776 4911 5998
1322 8813 2121
2541 6890 4027
1200 9007 1917
6148 1183 9714
5809 1730 9167
6847 66 10824
5094 2865 8052
714 9827 1098
2249 7358 3561
6285 966 9937
4162 4318 6589
1068 9232 1692
6423 743 10165
5383 2417 8487
6833 88 10803
1159 9075 1851
4629 3586 7314
4841 3258 7650
3875 4758 6154
5572 2103 8797
6047 1357 9541
6765 219 10694
4673 3520 7382
962 9403 1514
5648 1971 8924
3642 5130 5798
2826 6450 4474
1618 8351 2578
4530 3744 7156
3036 6100 4828
2900 6320 4606
4294 4120 6784
4792 3325 7584
5498 2217 8685
471 10227 726
398 10339 614
538 10116 46
1672 8263 2664
6754 242 10673
5475 2262 8643
6622 435 10475
43 9515 1405
2811 6473 4451
4034 4517 6392
604 10006 922
5215 2687 8227
2372 7161 3758
2152 7509 3408
2357 7184 3737
5010 2995 7917
3602 5198 5732
5866 1641 9253
1347 8767 2164
4402 3941 6959
6606 457 10452
5851 1663 9231
698 9850 1076
1575 8416 2515
3180 5879 5047
5690 1905 8988
5664 1949 8946
2498 6958 3962
5982 1466 9431
1225 8963 1962
5367 2440 8466
3447 5440 5465
3904 4713 6197
5487 2240 8664
3551 5287 5641
6739 263 10650
3988 4580 6329
6110 1247 9651
2123 7554 3363
3215 5811 5113
6577 500 10409
3972 4603 6306
3140 5947 4981
1433 8632 2296
2649 6711 4202
1837 7996 2926
1936 7839 3078
2276 7315 3606
501 10183 769
4969 3063 7849
2681 6667 4247
6563 522 10388
592 10028 901
1295 8855 2075
6058 1336 9563
3378 5550 5378
2063 7643 3275
297 10514 438
3097 6011 4917
1478 8568 2361
6552 544 10367
3960 4626 6284
4005 4559 6350
1880 7929 2990
3493 5375 5555
1658 8285 2643
1644 8306 2621
4218 4187 6719
578 10050 879
5232 2665 8249
3361 5572 5356
6535 566 10346
75 10844 112
5184 2731 8184
1133 9120 1805
951 9425 1493
5261 2619 8292
6817 110 10782
1505 8525 2404
308 10491 461
5931 1533 9364
6709 307 10607
6243 1033 9869
2964 6210 4714
5626 2014 8882
2165 7488 3429
5745 1819 9079
5395 2395 8510
5877 1618 9276
1052 9253 1670
1467 8590 2339
3409 5507 5422
1689 8241 2687
5110 2842 8073
4311 4097 6805
6493 633 10279
1919 7862 3056
4721 3455 7450
3859 4781 6131
2838 6428 4496
5993 1443 9453
142 10756 198
4416 3920 6980
3562 5265 5664
619 9984 945
3318 5637 5289
6187 1118 9778
5824 1707 9188
1012 9318 1604
2771 6537 4382
3792 4888 6021
2695 6645 4270
5320 2507 8401
1810 8041 2882
3764 4934 5976
2884 6343 4585
2992 6166 4760
3631 5152 5776
5306 2529 8378
786 9715 1207
527 10138 813
516 10161 792
2005 7728 3188
2927 6276 4649
5081 2887 8029
4585 3654 7246
3591 5220 5710
2329 7227 3694
2219 7400 3516
3816 4846 6065
4957 3084 7826
1079 9211 1715
3421 5484 5443
1450 8611 2318
4120 4386 6525
3192 5857 5068
115 10800 154
6159 1162 9736
5151 2773 8138
5704 1883 9011
1892 7906 3011
3156 5925 5003
3932 4669 6241
4660 3543 7359
2471 7004 3919
1025 9296 1625
2454 7025 3896
6476 656 10256
687 9871 1055
3064 6056 4872
6803 132 10759
1768 8108 2816
3748 4955 5955
3333 5615 5310
883 9558 1361
4173 4295 6610
5273 2596 8314
5920 1554 9342
413 10318 636
6462 677 10233
6271 989 9914
5598 2058 8839
3003 6143 4783
2528 6913 4006
4264 4230 6677
5462 2283 8620
4431 3898 7003
731 9805 1121
4825 3280 7629
6260 1010 9892
5561 2126 8775
1532 8483 2448
2871 6364 4563
240 10602 350
987 9361 1560
88 10823 133
5050 2929 7985
1107 9165 1759
4643 3564 7336
2938 6254 4670
811 9670 1251
3240 5767 5156
5038 2951 7962
4941 3106 7805
1490 8547 2382
5546 2149 8753
4109 4408 6502
2584 6822 4093
5529 2172 8731
6692 328 10586
4048 4495 6413
1170 9053 1873
911 9492 1427
3887 4735 6175
4322 4074 6827
3434 5462 5488
1633 8329 2599
2916 6299 4628
4501 3788 7113
6085 1291 9606
5248 2642 8270
1148 9098 1828
4809 3303 7607
1309 8834 2098
3053 6078 4851
5679 1926 8967
4151 4341 6568
29 6407 4518
3615 5175 5755
4903 3171 7739
1757 8130 2794
5734 1840 9057
2018 7707 3210
6019 1400 9497
6342 876 10028
672 9893 1033
826 9648 1274
5023 2974 7940
6438 720 10188
2754 6558 4361
3347 5594 5333
3253 5745 5178
1403 8677 2251
1993 7751 3166
3719 4998 5910
5615 2036 8860
644 9939 989
5167 2752 8161
454 10250 703
3658 5109 5820
4459 3854 7046
1211 8984 1939
213 10646 307
2636 6734 4180
2854 6385 4541
3479 5396 5533
6135 1204 9693
3291 5680 5244
3266 5724 5200
939 9447 1471
6214 1076 9823
1713 8199 2729
3203 5834 5090
928 9469 1449
6787 153 10738
4018 4538 6371
2140 7532 3386
6096 1268 9629
4204 4251 6654
4778 3347 7562
1724 8176 2750
2624 6755 4157
3394 5528 5401
1822 8018 2905
6776 175 0
2079 7620 3298
2049 7664 3254
184 10689 263
5890 1597 9298
6069 1314 9585
156 10734 221
632 9962 966
2387 7139 3781
6664 372 10541
1517 8504 2426
2193 7444 3473
4767 3368 7539
1376 8722 2207
4376 3987 6915
1543 8460 2471
2035 7685 3233
5776 1774 9124
4997 3017 7894
3693 5043 5888
5447 2305 8597
3081 6034 4894
6647 393 10520
1849 7974 2948
4093 4429 6479
266 10558 395
1281 8876 2054
3670 5086 5842
3536 5309 5619
4076 4451 6457
6387 808 10097
3464 5419 5510
5199 2708 8205
4336 4053 6848
4189 4272 6631
3920 4690 6218
4735 3411 7495
14 3432 7472
6636 414 10498
661 9916 1011
1701 8220 2708
1269 8897 2031
6007 1421 9474
5351 2461 8444
2607 6778 4136
897 9537 1384
4514 3767 7135
6296 943 9959
2303 7271 3651
2176 7466 3450
1952 7816 3099
867 9580 1339
854 9603 1316
3504 5352 5576
331 10447 505
4490 3811 7090
2513 6936 3983
1782 8086 2839
5583 2081 8818
2260 7337 3583
2741 6581 4339
5837 1686 9210
4235 4209 6698
3229 5790 5134
0 197 10717
1740 8153 2773
1389 8700 2230
2800 6495 4428
102 10887 68
2483 6981 3940
5965 1489 9409
5295 2552 8357
2095 7598 3319
5719 1862 9034
564 10071 856
3128 5968 4960
553 10093 835
1418 8654 2273
1184 9030 1895
2234 7379 3539
4473 3833 7069
2440 7048 3873
1362 8744 2185
5512 2195 8708
4871 3215 7693
5139 2796 8117
2664 6688 4224
