10910
5067 10448 3381
3291 7634 4071
6595 6292 9608
1444 8537 8495
6606 6380 9671
560 1817 9125
1508 5038 8600
4950 9965 2875
16 4202 7739
1172 0 7613
4271 6908 3266
6793 7216 10469
6199 4686 8159
3021 10217 3151
6496 2162 2185
5487 5500 5589
5883 7260 3726
288 851 4885
5967 7590 4048
4075 2714 6557
5145 3749 10637
5247 7844 207
3865 9146 1771
1556 5126 5193
2116 3588 7239
220 4620 667
6045 7865 253
2196 4048 4093
5799 3151 10217
339 8642 1150
611 2001 2024
6485 5830 5941
3445 4466 7970
186 483 621
4061 2645 2737
2571 1426 5303
3613 8684 1196
1588 8873 5347
2004 6666 9965
5093 10553 3611
5379 1127 5061
2256 4400 391
5859 7150 10427
1204 23 46
6551 9608 6227
6331 1380 5281
1236 4356 276
4313 3427 3519
747 9671 2369
3767 1541 1564
4201 10238 10196
5295 4532 4489
5171 7546 10763
3977 5940 9356
5307 8390 4863
1988 6578 9881
2271 4422 437
6298 1012 5017
4534 7886 299
5931 10763 3956
4742 9230 5633
4924 2530 6403
2180 3818 3887
5184 10847 10826
1121 10784 7525
390 8768 1311
2226 69 115
492 1564 8831
5943 3956 3979
2036 10196 10133
3697 1403 1472
2751 9734 2438
6584 2484 2599
1716 9104 5523
3725 5236 5325
4911 2461 9545
5823 10469 7063
2616 5412 8957
4508 4312 7886
424 5170 1426
2511 8726 1219
2706 9545 2300
2421 759 851
5955 10826 10805
6782 10574 10385
6309 8621 5083
1104 3887 7481
1155 10868 7569
4547 7928 483
4690 1265 1357
2286 8012 529
6837 3726 10616
3557 782 8306
2736 9692 2392
5235 7802 4203
4131 10091 3036
1860 9524 2254
6364 5280 1541
3216 10658 3818
5535 9293 1909
2164 3795 7437
203 8285 8096
1604 5302 5413
2646 9335 5765
3111 6930 3450
5158 7436 7371
6617 9902 6491
4521 138 4225
5871 7172 10448
5499 5522 1840
3809 1610 8873
4989 6512 2990
2916 2691 6535
4976 2806 2967
4807 9419 2139
1316 8243 4665
6067 299 7928
3599 1058 1012
2811 2553 2622
1764 1886 1863
5028 10301 6865
832 2622 2714
6716 3358 7041
6089 8054 4357
2316 529 8075
5979 4070 7634
1476 4950 8516
1053 3611 3703
6628 9923 6513
6056 276 4313
6397 1656 8915
6727 10490 3404
2241 184 230
5331 828 897
3305 4092 7655
6705 3266 6975
3669 1288 5215
3627 4994 5105
5463 1794 9104
6232 621 8243
6100 8096 4379
6001 46 69
2541 1311 1380
5847 7106 3565
1348 8369 4753
1796 5544 5677
5607 2323 6271
2991 3059 10007
2556 1357 1449
713 6050 2277
1892 2300 6205
458 1472 8726
356 5016 1242
3543 713 782
4411 3772 10658
3246 10721 7415
3186 7370 7393
951 6710 3128
6012 7718 7781
5319 8411 8285
3375 4378 322
3141 7040 7129
2766 6116 2461
3837 9041 8978
3201 7414 3795
322 8516 4951
2871 2668 2760
4963 2783 9755
2886 6358 9650
4625 4906 966
4768 5720 2047
6166 4576 644
3051 3174 10238
3753 1518 8768
1252 7907 345
2301 460 4599
2132 10616 7261
5015 3105 10112
5583 2139 9314
3529 8348 736
2361 4664 8138
2841 2599 9587
6122 391 4445
1019 10364 3243
1364 8432 8348
628 5698 2001
1700 5456 9062
6254 4796 8264
6441 5610 1978
2211 4224 92
526 1702 9020
6144 8159 8033
866 2737 2921
3907 2093 9230
1220 4246 4181
1684 1725 1748
1828 9503 6073
985 6842 6887
2781 2415 6359
5703 6600 6689
1972 2852 9797
5655 6402 2829
3231 10700 3864
1460 8558 989
4033 9776 2530
3347 4268 7823
5907 7348 10595
4285 10406 3289
6111 8117 4423
1812 5896 2162
1940 9986 2898
6870 10742 3933
662 2185 6095
5787 6798 10175
6034 4290 7844
5427 5478 5501
4729 9062 8999
5715 2921 9923
6463 9356 9209
4173 10112 10028
4187 3082 6755
475 5346 5435
4383 10637 7305
1412 4884 8453
645 5852 5963
67 92 7865
5197 7612 10889
2436 8474 8432
3096 3381 3427
6760 7084 10364
5343 920 4929
0 4114 7676
5775 6776 6821
6881 3864 10700
169 8222 4577
4495 7676 4115
118 4444 460
4846 2231 2208
6210 4708 8180
6639 10007 9776
3515 8306 4731
6265 4840 8327
4573 506 4643
2068 6974 7085
6694 10322 6931
5571 9440 9293
5763 6732 10091
2481 1150 8537
6353 1495 5369
84 115 138
917 10049 6645
3655 5104 5171
1732 9167 1794
1908 6138 6293
3473 368 8012
4453 7502 4002
2586 8915 1587
5547 5588 1955
5132 7326 10574
2691 5808 9272
3417 7970 4291
4586 437 4555
5080 7062 10343
4005 9755 2484
6408 1863 5611
4019 6160 2507
3585 4862 8390
5739 3013 3105
5511 9251 5655
1876 9566 9419
6529 2254 2323
6430 1955 5721
3571 805 874
5119 3565 10490
6848 3841 7459
6859 7480 10679
5002 2829 6623
6540 2277 9440
4651 8600 1104
3683 8810 5259
6452 5632 5787
849 6314 9629
2931 9944 2852
5475 9188 5567
5391 4972 1127
4327 10511 10322
4781 2070 5875
1002 10343 10280
1620 5368 5457
6507 5918 6051
3276 4002 10847
135 7991 7907
1396 943 920
2346 4642 713
4103 2875 6667
4833 5962 9377
5439 9125 9083
4677 8789 1334
5631 9818 9566
3126 6952 3473
815 2576 2691
101 7823 161
6804 7282 10532
696 6028 6139
3319 7655 0
4159 6688 3082
1748 9209 9146
3935 5764 2116
4369 7128 3634
1636 1679 8936
6287 897 8411
6155 4554 4621
5919 10679 3841
3361 4334 184
3431 8033 552
237 598 8201
679 2208 6117
4898 2438 9524
3795 8936 8810
4599 4818 805
3781 5324 8789
2100 7194 7217
1524 1242 8642
6078 322 4335
6243 644 4797
6683 10259 3174
4859 9587 6183
4425 3910 7503
4341 10532 3588
4481 10889 10868
2451 4928 1035
6738 3404 3496
407 5148 1403
2721 6072 6161
3156 3542 3680
4820 2116 5985
5367 1081 1058
1492 1173 8558
3006 10175 6799
2391 667 4819
6375 8978 1610
5643 6226 6425
254 690 4841
33 7697 7760
3851 5434 1702
4257 6886 7019
1036 3473 7173
543 1771 5545
3711 1449 8705
4755 5654 5809
6672 6754 6777
6562 9629 9461
4703 1334 5237
6133 414 575
4612 966 4973
6749 6996 3542
1540 5082 5149
5054 10427 3358
6518 6006 9398
6188 575 8117
6386 1633 8894
3991 9650 2346
1780 1909 9167
4664 1196 8579
6650 2967 6733
6177 4598 4709
900 10028 3013
1300 8138 4467
3389 230 368
3171 3703 7349
2148 7238 10511
2466 8579 5039
5259 161 4247
764 2346 9482
3921 9377 2093
4794 5742 5897
3081 3243 6953
5691 6534 6601
577 1840 1817
6221 4730 4775
1070 3657 7283
305 8495 943
1087 7458 3910
5523 9272 5699
3739 5258 1518
4299 3335 3312
4467 7524 7547
4885 9797 6337
730 6094 6249
3893 2024 5831
4560 8075 7949
3949 5874 6007
3963 9461 6029
5835 7018 7107
3403 7949 506
6661 10133 10049
5559 2047 2070
6771 3450 7151
1188 4136 7697
1668 9083 9041
5679 6468 6579
3459 345 4401
3823 8999 1656
3641 8705 5127
2020 2990 3059
5619 2392 2576
2676 5786 9251
2976 3036 9986
5990 4158 23
1956 2760 9734
4117 10070 9839
1138 3979 4025
3487 8201 4533
1284 4488 7991
3261 7568 10784
5895 7304 3749
4937 6336 2783
5223 7739 4137
3036 10280 6843
5667 6424 9692
6320 5060 1288
5041 6864 3197
5403 5214 8747
968 3128 10154
4089 6556 9818
1332 552 4687
4638 1104 1081
3879 5566 5743
2406 736 828
1844 5984 2231
50 7760 7802
2961 6622 9902
1652 5390 1679
4439 10805 10742
4243 10385 10301
6419 1932 1886
2661 5676 5853
509 9020 5479
5271 207 4269
2631 9314 1932
1428 989 4995
4716 8894 5391
2601 1587 1633
5451 1748 1725
373 8747 8621
2526 1219 1265
6023 7781 4159
6826 3680 7327
5751 10154 10070
5811 3312 3335
5283 4510 598
1380 874 4907
798 6204 9503
4355 10595 10406
1572 8852 8684
1268 253 414
2856 9839 6447
883 6490 2944
4145 2898 9860
2084 3496 7195
5106 3519 3657
594 1978 9188
6892 3933 10721
6342 5192 1495
2826 6248 2645
5727 6644 6711
2376 4752 8222
1924 9881 2806
4872 6182 6315
3501 8264 8054
5415 8957 8852
6474 9398 5919
3333 4180 7718
934 2944 9944
4215 6820 10259
6573 9713 2415
5210 4025 7591
2796 2507 6381
152 8180 4511
6276 8453 8369
2946 6446 9713
2331 8327 690
4397 7392 3772
5595 9482 9335
6815 3634 10553
3066 3197 3220
2052 3289 6997
2901 9860 6469
441 8831 8663
4047 6270 2668
4229 3220 6909
271 4774 759
2496 8663 1173
5355 1035 8474
781 2369 2553
