25387
19615 19233 20199
11121 11566 11687
23008 22078 23345
3797 3881 4137
7205 7902 7821
10977 11142 11277
19208 18413 19395
11634 11718 12060
13127 13078 14279
16754 16838 17472
16707 16825 17379
24047 23091 24224
24909 23591 24302
8264 9050 8784
21568 20581 21952
16036 15819 16708
384 330 472
10982 11043 11291
6337 6124 6604
11356 11568 12209
10559 10464 10804
16674 16061 17086
7843 8539 8065
4679 4727 4955
15860 15296 16198
14646 14921 15430
9001 9228 9362
1495 1428 1140
5120 5530 5837
24117 22928 24019
3882 3832 4090
1684 1621 2021
23571 22166 23495
12649 12613 13105
3838 4132 4117
6442 6844 7219
14735 14786 15724
487 433 480
25238 24003 25315
22461 21150 22628
24771 23182 24872
6884 6807 7163
15212 15065 15820
8822 9293 9406
19224 18157 19461
13118 12921 13772
4754 4914 4581
22908 21999 23253
14158 14325 14956
23765 23110 24093
17331 17195 17942
1061 783 633
19127 18378 19563
10568 10417 11002
13550 13402 14081
11811 11885 12242
14505 14214 15229
18831 18257 19623
8979 9335 9175
17524 17237 18129
20306 19669 20555
7153 7461 7484
13222 13375 14217
5782 5862 6377
1502 2365 2116
25280 23982 25241
4572 4918 4814
6229 6064 6613
430 578 135
20045 19454 20657
21569 21098 22379
7954 8087 8558
19713 19182 20273
16880 16666 17681
22388 21198 22535
10449 10834 10970
14040 13969 15260
5543 5441 5742
4984 5077 5346
13099 12665 13194
16448 16392 17192
12393 12492 12950
17575 17076 18298
14443 14272 15150
15806 15622 16161
13106 13077 13818
13803 13900 14556
14224 14348 15322
8891 9365 9394
16544 16104 17219
2146 2748 2512
13995 13904 14710
2020 1853 1617
3115 3432 3574
23489 22344 23535
11228 11556 11334
7922 8564 8212
7455 7990 7849
11843 11857 11793
23909 23027 24160
21536 20600 21897
21984 20760 22280
24874 23226 25077
17412 17134 17900
2477 2937 2397
19870 19641 20514
6173 6318 5990
25041 24050 25386
24354 23296 24897
4187 4591 4233
23123 21795 23338
24863 23642 24491
1241 1286 1347
21881 20843 22129
17877 17288 18665
19170 18299 19275
121 47 485
3872 4111 4139
21950 21076 22314
19303 19033 19668
7625 8074 7534
13525 13309 14159
13123 12704 13607
9236 9915 9740
10013 10412 10166
2662 3078 3038
13018 12776 13394
19668 19226 20008
15201 15032 15382
769 909 585
6198 6170 5942
9598 9923 9881
13092 12966 13642
15642 15612 16085
15176 14946 15954
12927 12897 13532
12510 12542 13153
21315 20697 21835
2522 2374 2437
24654 23703 24536
1338 1476 1093
3863 4043 3986
3723 4235 3816
21566 20650 21608
20347 19798 20811
24256 23572 24727
10955 11178 11087
16660 16178 16856
914 978 1086
22669 22068 23229
9198 9766 9609
18921 18543 19584
8209 8893 8744
18734 18117 19150
4447 4862 4911
10051 10129 10086
10491 10842 10731
24590 23707 24656
3776 4184 3925
23380 22124 23676
6392 6249 6624
2465 2890 2806
15217 15598 16413
12200 12227 12680
18037 17604 18523
20967 19805 21287
7386 8010 7946
4029 4528 4464
7888 8551 8594
7201 7445 7399
2828 3276 3183
3880 4006 4105
13909 13653 14332
17976 17686 18694
13580 13810 14720
9583 9465 9683
10586 10804 10768
20171 19782 20817
1461 1352 1426
17621 17690 18633
483 255 211
8640 9007 8985
2513 2470 2357
23942 23003 23864
12825 12740 13848
22472 21241 22748
12998 13025 13570
3075 3718 3187
9826 10407 10244
22945 21858 23274
6788 6457 7270
468 217 313
20454 20048 21153
2230 2854 2713
4253 4586 4520
9749 10328 10126
3888 4550 4189
14937 14980 15758
8126 8179 8620
24884 23663 24965
20693 20187 21345
11957 12119 12533
17263 17155 18265
10034 10168 10205
15123 15053 15919
1849 1717 2242
7063 7477 7522
12673 12305 13076
17136 16718 17552
2908 3235 2861
11197 11328 11624
23261 22470 23402
11734 11824 12228
14315 14061 15099
23841 22549 24197
15889 15641 16234
13380 13507 14273
17359 16958 18154
2388 2779 2733
975 1147 1005
20372 19583 20593
8449 8662 8886
10401 10690 10954
17386 17039 18098
21619 20881 22034
24957 24057 25382
17205 16692 17426
2865 3310 3172
8677 9025 8914
24213 22896 23821
5361 5246 5668
17175 16865 17515
13112 13073 13710
15680 15559 16596
3499 3831 3744
194 294 248
19795 19206 20072
14085 14143 15327
6566 6768 6853
17717 17411 18719
8064 8559 8531
16572 15974 17016
4940 5159 5017
1365 1453 1557
3479 3812 3332
17763 17372 18431
25161 23804 25084
11220 11564 11384
15995 15855 16604
7422 7848 8032
8653 8925 9029
9383 9890 9788
7255 7200 7335
14343 14501 14868
10254 10662 10512
7792 8044 7725
6838 7134 6628
11028 11460 11591
12688 12581 12905
9073 9876 9567
23217 22313 23807
19102 18446 19605
8673 8825 8699
18712 17908 18769
13344 13517 13914
7669 7818 7623
19817 18795 20264
23627 22542 23724
12226 12255 12458
8857 9390 9097
9666 10205 10376
20543 20197 21311
10470 10840 10912
14547 14393 15275
24849 23394 24922
12328 12051 12564
20950 19854 21379
10911 11216 11329
5489 5349 5820
12338 12220 12698
21558 20677 21729
10060 10092 10005
9021 9320 9292
11592 11841 12027
17067 16530 17332
5059 5107 5226
15142 14964 15874
2078 2128 2262
20978 20211 21259
14001 14430 14996
22290 21452 22487
11250 11512 11555
20397 19420 20680
8625 9053 9045
7574 7876 8018
8915 9102 9267
4316 4580 4495
22080 21569 22389
685 1070 904
10671 10975 11325
21499 20263 21381
6297 6265 6626
12046 12213 12729
5032 4972 5375
11546 11787 12091
1926 2161 1879
14902 14605 15649
502 1049 1027
5828 5670 6627
20980 20307 21522
6388 6231 6278
2436 2598 2794
17213 16810 17830
2413 2873 2614
19353 18995 19932
21567 20381 21978
3521 3760 3237
5292 5600 5720
3754 3928 4135
9615 9794 9825
7706 7781 7923
5531 5511 5694
24246 22953 23963
7487 7970 7792
15880 15583 16439
11404 11765 11984
808 1031 762
23517 22524 23449
20623 20075 20972
8207 8315 8632
22252 21356 22670
14192 14504 15194
4603 4790 4673
19149 18602 19429
19518 19140 20100
13308 13163 13869
24521 23330 24399
13723 13849 14455
5954 5909 6620
12317 12193 12742
18385 17872 18976
18294 17691 19008
18669 18002 19222
3823 4151 3773
13068 13053 13442
16141 15838 16647
20210 19743 20760
17218 17001 18199
23417 22492 23645
24094 22649 24249
6803 7022 7285
5735 6212 6240
19820 18837 20282
15160 15043 15566
19802 19247 20293
21810 20714 22207
18721 18154 19166
6832 6877 7039
7261 7523 7874
18877 18598 19514
17503 16868 18250
6837 7117 7072
20899 20172 21368
21717 21037 22245
3378 3739 3761
8200 8507 8577
1401 1518 1461
17189 16855 17739
5872 5816 6595
5916 5768 6582
14972 14556 15950
4342 4436 4140
24442 23691 25039
22128 21100 22709
11236 11280 11433
21281 20665 22028
21076 20540 22018
18785 18574 19318
5210 5411 5609
11861 12237 12622
6033 6295 6409
5118 5036 4970
13081 13068 13488
17299 17172 17855
11247 11374 11746
19444 19070 19811
0 365 464
9537 9908 9871
20757 20213 21358
24139 22741 24281
6370 5948 6201
9025 9818 9905
15565 15482 16123
24237 23101 24116
2776 3153 2977
22712 21918 23349
312 399 439
11145 11495 11769
23126 22425 23815
19643 18919 19764
15751 15509 16386
13865 13690 14418
16800 16846 17849
11243 11478 11778
20872 20208 21065
5466 5582 5394
18471 18030 19040
10427 10595 10995
8359 8974 9041
19958 19520 20626
22792 22032 23205
18703 17973 18942
23342 22399 23575
1949 1897 2192
16099 15684 16678
2069 2094 2226
8953 9185 9137
19252 18502 19488
3656 4222 3855
16154 15642 16737
19765 19194 20292
12540 12462 13131
7744 8425 8464
17156 16760 17711
16413 16273 16899
24793 23529 24817
8939 9055 9239
22317 21553 22886
12569 12347 12860
3616 4168 4126
2528 2997 2941
17092 16607 17814
845 1131 536
4885 5237 5109
7729 7619 7691
16209 16142 16940
13052 12871 13344
5441 5604 5641
2898 3293 3161
23173 22372 23355
24903 23453 25023
14255 14296 14912
9512 9921 9843
24023 22828 24069
16515 16214 17201
17115 16441 17232
16697 16383 17120
14483 14414 15314
13411 13502 14001
8783 9413 9046
6600 6642 6931
17840 17239 18706
9016 9265 9423
16341 16244 17210
22478 21632 23014
20247 19382 20826
4299 4328 4559
11251 11807 12284
15355 15634 16044
16302 16356 17223
14864 15019 15334
24306 23425 24985
6756 7142 6811
14523 14371 15290
16072 15760 16797
14779 14828 15687
22409 21391 22819
21443 20711 21566
2059 2357 1841
2099 1981 1916
15097 15004 15522
12977 12944 13743
22428 21532 22892
4632 4909 4840
6889 7354 7531
15780 15629 16297
24715 23610 24759
12441 12256 13184
7174 7321 7533
9987 10052 10461
2980 3803 3459
22173 21480 22583
11301 11231 11479
6835 6598 6723
13677 13725 14375
24898 23673 25004
18612 17942 19204
23083 21975 22937
3986 4590 4358
11062 11526 11759
7688 8083 7583
4855 4925 5282
13437 13466 13959
2362 2421 2268
15399 15117 16572
23032 22074 22976
9959 10239 10278
1168 1568 1388
5996 6356 6465
23454 22534 23702
18550 18083 19180
11670 11874 11939
1768 2022 2255
18693 18156 19101
2306 2809 2581
2100 2915 2780
10575 10735 10934
4778 5241 5304
3406 3636 3699
1639 2226 1987
13950 13521 14614
14122 14482 15302
15847 15364 16002
10968 11008 11154
8312 9054 8999
18195 17624 18347
20403 19803 20294
2086 1940 2054
24813 23480 24846
8169 8225 8115
11785 11742 11843
946 828 720
5166 5491 5784
14822 14654 15847
10981 10894 11257
5546 5607 6345
24892 23653 24445
24226 23132 24179
1066 591 841
13986 13864 14697
23680 23131 24299
2803 3208 3066
19236 18584 19636
24160 22599 24261
22049 20918 22084
17669 17738 18721
5688 6358 6312
13629 13830 14662
6840 7505 7469
20129 19297 20386
7743 7571 7899
6393 6686 6969
21522 20346 21691
15904 15428 16464
4070 4468 4542
6718 6408 7205
12737 12620 13799
4397 4893 4932
6677 6942 7004
14538 14462 15125
17197 16778 17651
9311 9631 9712
18641 17791 19214
16984 16571 17621
14463 14489 15245
15442 15330 16328
6773 7066 6678
6698 6727 7104
12624 12522 13035
5525 5381 5832
11763 11895 12146
13177 13240 14181
8565 8614 8956
1384 1497 1596
3810 4076 4016
25194 23885 25384
15071 14702 15790
337 549 427
23059 21947 22893
24253 23080 23903
25278 24021 25377
11210 11538 11787
41 507 90
13765 13568 14640
18245 18100 18815
880 738 981
10169 10838 10653
8668 8751 8936
19253 19101 20176
13569 13275 14136
12684 12562 12813
19822 19613 20702
22580 21679 23086
19246 18207 19662
9348 9592 9891
14598 15058 15938
15310 15455 15957
8088 8389 8344
7546 8029 8056
15526 15639 16528
16483 16388 17169
16843 16638 17841
4331 4285 4396
19748 19217 20127
15953 15725 16808
14544 14243 15332
18164 17551 18299
24180 23123 24271
16628 15875 16980
18007 17667 18391
22017 20953 22362
7109 7512 7425
9894 10351 9955
8607 8994 8858
15190 14506 15946
8991 9378 9342
6737 7045 7258
4541 4903 4720
1727 2058 2267
19731 18657 19852
21916 21089 22385
23592 22512 23778
12598 12386 13173
10983 11567 11518
2507 2927 2750
3154 3605 3772
14395 14016 14776
8205 8457 8301
12173 12087 12285
16952 16795 17282
7349 7665 7759
9610 9859 9651
9274 9737 9524
2487 2513 2314
2097 1808 1952
6528 6974 7186
9484 9839 9901
6253 6281 6490
7306 7707 8003
18729 17834 18859
25266 23952 25293
1277 1324 1615
20282 19696 20790
4699 4641 4784
14285 14446 15034
3523 3968 4068
10120 10626 10561
3458 3665 3767
16687 16343 16810
1474 1571 1224
9708 9924 10349
15604 15534 16586
16161 16018 17215
6489 7199 7135
2876 3042 3134
23626 22448 23794
4815 4759 4865
23999 23066 24296
11306 11917 12169
14000 13756 14524
7087 7150 7367
6391 6328 5892
8143 8531 8650
20816 20148 21019
17602 17106 18293
3190 3829 3417
19813 19249 19717
408 461 173
10525 10843 10983
14691 14861 15930
12865 13007 13865
15906 15874 16788
21206 20688 21866
17589 17184 17983
4277 4499 4431
14495 14505 14823
21244 20215 21925
18067 17521 18575
14369 13907 14727
20726 20100 20827
3937 4368 4276
227 137 412
20787 19946 20876
10823 10939 11004
4819 5004 5064
4221 4403 4571
1077 641 802
16610 16376 17148
3028 3340 3770
6839 6998 7288
23609 22080 23743
13575 13450 14244
2850 3120 3178
24483 23133 24352
22341 21424 22787
20002 19552 20822
19786 19169 20290
18096 17657 18497
361 529 49
7647 7744 7969
12116 12156 12593
449 485 282
1023 870 1080
12275 12180 12752
5641 5987 5842
24685 23262 24944
7797 8554 8649
12003 12248 12715
17803 17677 18549
24910 24039 25170
17482 17222 18217
12342 11918 12496
18428 18140 19192
1448 1538 1613
8541 8952 9020
6277 6192 6515
2188 2639 2475
16592 16327 17227
24199 22978 24289
19551 18957 20244
8404 8708 9035
24906 23506 24694
16916 16861 17798
16705 16368 17181
1205 1551 1604
18963 18605 19647
10588 10844 11237
25124 23848 25359
10373 10820 10989
22870 22018 23293
13036 12987 13244
23303 22207 23818
6812 6554 6768
22531 22046 23050
18196 17747 18722
13836 13892 14725
22981 21827 23178
19808 18704 20232
10855 11097 11317
19045 18478 19658
1500 1403 1266
12897 13063 13834
20925 20124 21375
4963 5233 5364
9861 10012 10402
2970 3259 2901
12298 12142 12333
4915 5218 5253
13888 13957 14586
1079 1153 1526
11452 11609 11892
11182 11548 11710
7518 7927 8045
598 1087 677
10750 11121 11185
19190 18526 19666
7191 7237 7532
4722 4922 4962
8258 8272 8164
1983 2287 1801
13506 13202 14267
23971 23129 24211
7035 7517 7500
12087 12254 12643
17911 17689 18680
11909 12252 12762
16377 16293 17231
17544 17234 18279
9789 9971 10423
2920 3780 3499
3691 4198 4045
8731 8790 8651
21030 20618 21431
11854 11912 12256
22527 21579 22438
16256 15925 17230
22831 21762 23117
6105 6147 6439
3226 3509 3608
21765 21013 22169
14548 14104 15212
24556 23682 25054
4658 4592 4754
2334 2833 2645
11096 11416 11656
19776 18608 20043
17459 16913 18235
24833 23362 25067
10581 10830 10462
3522 3573 3723
22625 21889 23148
3430 3694 3375
7721 7949 7988
4496 4821 4947
21414 20480 21478
16121 15866 16805
7983 8522 8386
4738 4688 4889
18144 17641 18649
17217 16740 17760
25083 23757 25268
15871 15165 16558
23103 21585 23330
13930 13878 14491
81 587 395
6318 6337 6562
8663 8566 8971
14531 14503 15070
1485 1245 1305
286 0 344
14514 14183 15333
2527 2903 2669
5253 5317 5491
21349 20635 22031
2497 2556 2692
2742 3336 2816
8514 9037 9091
18342 18148 18901
24401 23551 24788
22213 21318 22866
5328 5548 5444
5003 5198 5150
11701 11650 12277
20390 19761 20341
10550 10773 10890
6821 6359 7246
24071 22696 24237
8967 9407 9381
23804 23117 24045
1808 2257 1758
8108 8557 8258
11499 11915 12190
8586 8860 8822
1124 1560 1182
4151 4570 4318
10213 10797 11003
6069 5719 6539
19821 19156 20220
15263 15211 16544
10058 10273 10441
24999 23708 25212
15039 14746 15608
11833 11904 12268
13540 13520 14285
5505 5591 5536
2269 2717 2766
17615 17228 18062
20844 20019 20924
1594 2372 2266
18122 17682 18468
13578 13428 14111
10935 11194 11305
10787 11071 11121
10587 10511 10977
20583 20203 21225
16158 15790 16764
9159 9417 9475
10539 10825 10609
12478 12599 12763
5390 5566 5841
9561 9508 9896
2034 2316 2086
20405 19722 20802
24744 23627 24620
21846 20988 22348
20501 19983 21110
18189 17488 18616
6631 6506 7278
12954 13040 13677
10062 10303 10456
4347 4843 4631
1417 1378 1609
9452 9670 9808
7131 7491 7527
13560 13487 14042
5518 5656 5573
14549 15063 15477
22076 20803 22388
13463 13343 14232
1053 1101 1090
19692 19123 19892
8038 8547 8643
8158 8479 8427
1039 690 1069
10885 11160 11213
25279 24060 25337
18737 18592 19230
20407 20214 21191
9117 9899 9428
19583 19240 19970
5052 5179 5386
14420 14474 15174
23678 22245 23611
18513 18058 19071
2703 3325 3149
17561 17205 18177
8681 9348 9317
12251 12244 12420
10511 10551 10693
3851 4232 3893
18177 17332 18715
23545 22279 23761
9617 10386 9908
18582 18131 19130
20087 19250 20743
10711 11207 11046
20383 19487 20776
13265 13122 14199
2453 2679 2547
8741 9147 9206
4767 4878 4969
22365 21507 22876
19403 18879 20152
23628 23047 24139
259 178 456
22446 21280 22849
16645 16310 17051
15717 15640 16358
3350 3541 3285
9927 10398 10316
20658 19901 21331
2004 2193 2144
19005 18560 19357
2092 1763 1666
8186 8136 8607
15006 14892 15898
3570 4211 3956
6825 7101 6893
24623 23699 24580
10335 10756 10865
25254 24054 25372
2048 1573 2210
1001 944 486
1549 2342 1714
7006 7286 7451
5068 5282 5763
10113 10374 10046
12691 12812 13858
9418 9704 9767
17944 17450 18598
1435 1201 1494
727 1140 874
15831 15254 16266
4111 4236 4579
23724 22785 23992
6655 7085 7233
21472 20561 22003
8485 9047 9011
6383 6307 6162
5043 5245 5390
6356 6026 6122
13975 13611 14683
21165 20449 21802
21668 21059 22372
19914 19790 20473
1889 1669 2168
7601 8059 7657
6974 7417 7291
9604 9551 9858
10295 10713 10999
17041 16486 17587
12334 12008 12757
3519 3794 3671
5018 5135 5190
158 91 0
3322 3821 3538
19484 18750 20254
551 1122 932
17014 16393 17780
19075 18340 19539
6139 6347 6081
12344 11963 12377
17436 17214 18024
9009 9399 9412
12782 12845 13294
11860 11685 12119
6932 7387 7514
22753 22059 23312
2887 2947 3006
12345 12424 12994
20329 19343 20430
3292 3390 3756
642 1007 957
13485 13512 14256
21121 20416 21651
11167 11440 11729
2619 3339 3091
15484 15067 16486
15897 15396 16508
21550 20510 22024
8012 8355 8499
23876 22864 23933
10063 10789 10837
25218 23919 25127
3261 3473 3641
5416 5471 5803
2576 3181 3114
6829 6910 7282
500 564 373
5594 6095 6037
20360 19773 20723
23118 21725 23353
1070 1112 1048
21382 20706 21767
12145 12204 12662
18192 17581 18720
1308 1564 1577
13963 13786 14286
10630 11225 11333
5066 5243 5325
