18893
11060 12102 11434
7416 7961 7749
5430 5959 5638
12365 13351 12947
11018 12020 11668
5443 6055 5708
16225 16947 16564
3836 3991 3918
12514 13253 12855
17175 17813 17454
5622 6318 6148
15795 16647 15892
12238 13052 12688
2951 3198 2968
15291 15893 15566
6757 7223 7141
15688 16541 16274
1003 1424 1462
7146 7870 7549
4587 5289 4856
1663 1527 1736
3232 3337 3178
16739 17600 17120
677 917 730
11672 12883 12340
16453 17206 16843
3155 3497 3082
1703 1757 1682
15837 16565 16054
2201 2601 2476
6711 7289 7024
15806 16341 16147
3266 3875 3578
11347 11806 11523
12919 13535 13611
17349 18361 17821
1359 1382 1256
11556 12382 11835
11581 12254 11675
12173 13100 12477
3610 3856 3446
10423 11306 11153
3499 3804 3396
13802 14403 13939
601 492 554
9944 10966 10656
2251 2831 2439
11954 12812 11892
14441 15214 14708
788 942 687
2077 2328 2248
10819 11619 10892
14469 15041 14516
7310 7740 7508
2141 2098 2255
16565 17523 17012
10805 11346 10754
12460 13422 12920
7619 8321 8068
12597 13891 13175
17478 18213 17632
16860 17437 17280
14991 15832 15251
16944 17730 17088
11213 12163 11571
17164 17863 17579
10778 11456 10847
2600 2808 2316
13522 14169 13864
10066 10577 10650
5474 5573 5818
10248 10933 10468
4372 4580 4451
6388 6853 6589
6629 7091 6834
8928 9613 9189
1751 2281 1891
8616 9152 9092
8610 9337 8774
17703 18546 18227
2347 2568 2627
10377 11027 10627
1198 1159 1328
16408 17171 16772
11712 12397 12270
913 976 891
8524 9109 8676
17825 18368 17939
8909 9364 9314
3265 3510 3395
9167 9905 9411
5456 5622 5783
618 637 629
14953 15687 14851
14376 15005 14741
7433 8310 7846
15295 15844 15442
7059 7657 7368
16947 18079 17417
6217 6685 6468
8228 8717 8647
7020 7374 7154
231 441 174
611 712 463
3576 3937 3817
17110 17955 17374
13458 14132 13783
17186 18254 17587
16383 17294 16827
13894 14500 14318
3250 3199 3349
378 395 1
3633 3582 3782
15822 16610 15937
15396 16097 15835
14299 15075 14750
14526 15106 14634
16163 17081 16507
2483 2752 2361
6835 7316 7060
4893 4800 5029
4425 4794 4521
295 142 48
13063 13619 13085
12888 13936 13296
5479 6151 6137
8965 9993 9729
911 996 855
5084 6098 5456
838 991 806
6285 6427 6228
8625 9455 9335
2877 3038 2934
7745 8542 8257
6008 6588 6488
10466 11486 11114
8764 9647 9354
349 417 90
9592 10364 10149
17131 17997 17326
4644 5323 4997
10831 11576 10657
914 1360 1448
12817 13697 13037
15783 16678 16261
5365 6013 5566
3189 3245 3132
5463 6080 5834
2580 2498 2640
12039 12584 12108
12776 13485 13403
4696 5344 4964
16141 16874 16341
3437 3624 3717
2122 2005 1792
15515 16286 15695
9252 9802 9627
12292 13330 12747
6868 7362 6985
4844 4983 5061
5403 5717 5674
6320 6476 6522
14338 15235 14685
15298 16047 15855
5197 6090 5399
3751 4354 4128
17030 18121 17557
7853 8484 8129
13953 14782 14329
17877 18722 18035
4671 5253 5174
17980 18883 18413
10929 11874 11329
5056 5570 5180
13091 13918 12987
10727 11635 10802
10356 11101 10644
430 705 493
13027 13944 13562
10619 11175 10935
6541 7074 6902
17070 18034 17518
14133 15180 14548
4897 5509 5332
8621 9355 9076
17663 18737 18274
12415 13207 12984
11971 12896 12320
9291 9712 9548
4446 5070 4929
10680 11127 11088
17482 18418 18202
8832 9710 9287
7807 8405 8080
15164 16044 15628
567 442 526
539 698 635
1958 2316 2104
14179 14966 14607
1353 1081 1457
10142 10828 10293
326 435 371
10792 11516 11147
10585 11264 11006
4407 4622 4480
7224 7913 7649
14632 15241 15319
4138 4377 4034
6509 6760 6970
1041 1300 1178
1925 2261 2207
18122 18877 18342
12096 12938 12032
17851 18577 18080
7191 7893 7619
960 1404 1354
4775 5205 5177
12242 13110 12665
7534 8317 7890
16656 17705 17321
6334 6971 6932
16358 17291 16871
4833 5230 4650
15427 16180 15808
4250 4535 4307
577 620 384
6471 7008 6871
367 225 375
4111 4487 4293
10746 11629 11126
17471 18313 17676
7824 8433 8243
8021 8984 8398
11936 12626 11983
2840 3073 2997
10548 11385 10972
12480 13160 12979
5820 6345 5923
8057 8871 8673
12211 13025 12523
8955 9543 9225
18108 18888 18417
12548 13435 13539
11176 11768 11246
15122 15921 15592
10508 11558 11037
6180 6640 6357
7334 7843 7585
1244 1195 1438
16894 17562 16972
7143 7652 7299
8570 9269 8898
3946 4416 4158
10026 11071 10338
4025 4449 4208
10976 12084 11624
16194 17080 16389
1568 1951 1623
9749 10151 10232
18013 18783 18409
190 49 359
12978 13764 13554
7405 7969 7723
12020 12733 12401
15457 16139 15780
5078 5567 5394
15047 15802 15061
11629 12495 12145
3316 3773 3657
9726 10457 10062
2382 2533 2596
13515 14045 13617
15066 15513 14982
2050 2339 2140
12010 12849 12422
13622 14304 14236
16775 17655 17203
4092 4463 4273
9200 9840 9715
16989 17392 16925
11998 12668 12387
5577 6368 6122
1731 1937 1660
13170 14290 13827
12734 13927 13479
7901 9008 8473
862 891 956
10652 11538 11158
6382 6745 6318
17150 17912 17543
11603 12341 11710
2673 2828 2613
510 717 429
9787 10401 10214
1500 1928 1595
895 806 880
13575 14623 14306
5417 5922 5740
17937 18730 17985
12098 13091 12635
3649 3913 3680
2859 3101 2744
4557 5351 4695
10335 11115 10604
1141 1469 1217
1721 1621 1789
9802 10543 9909
3707 4129 3873
9486 10104 10237
9015 9877 9680
9845 10562 10122
3622 3932 3811
7983 8637 8603
13103 13940 13521
7377 7951 7675
16923 17481 17262
11844 12787 12240
11986 12760 12177
16807 17295 17151
145 360 319
8323 8550 8509
1631 1574 1785
17314 18340 17775
14972 15426 15226
1346 1452 1378
7666 8459 8232
13220 14089 13806
17407 18365 17751
17622 18468 17839
12438 13372 12935
3005 3521 3288
2956 3190 2651
7707 8524 8215
3874 4326 4306
4491 5027 4532
17945 18869 18401
6588 6810 6960
2942 3002 2785
13525 14452 14169
15348 16253 15647
6610 7111 6758
13986 15239 14484
2098 2053 1983
6689 7126 6796
8944 9410 9152
15653 16386 16121
8549 9061 8860
8497 9233 9057
2417 2692 2559
6055 6377 6441
6306 6726 6536
11389 11939 11400
7615 8160 7968
1222 1474 1099
15485 16218 15874
18045 18819 18314
4984 5553 5358
12498 13408 12971
13078 13876 13456
12949 13817 13501
15073 15592 15388
7253 7779 7743
7138 7465 7201
8722 9578 9407
14893 15291 15023
2623 3151 2824
10178 10998 10636
13431 13998 13885
11139 12155 11651
11492 12169 11778
13770 14659 14027
12690 13579 13132
4616 5336 4738
3470 3703 3798
624 687 578
10372 10793 10544
6797 7261 7094
9274 10000 9654
10833 12146 11160
14924 15553 15336
5231 5762 5530
4295 4700 4347
6141 6706 6507
12392 13427 12879
1990 2208 2176
12046 12866 11842
8604 9317 9104
16268 17278 16866
13003 13858 13334
9228 9958 9459
2194 2300 2027
7518 7975 8035
16095 16981 16658
15036 15714 14939
5913 6520 6418
13341 14229 13733
4335 4769 4383
4526 5176 5090
9701 10479 9867
3795 3941 4260
16209 16912 16627
5163 6035 5764
10882 12117 11365
13701 14765 14108
1076 1328 1293
7426 7932 7700
4843 4847 4893
3360 3740 3618
16221 17022 16677
3052 3462 3386
373 302 132
5067 5438 5227
7473 8119 8002
3660 4433 4186
3093 3292 3220
15936 17076 16649
7621 8365 8192
5290 5884 5801
15766 16588 16197
759 984 899
9353 10240 10185
264 184 339
8287 8596 8675
3552 3830 3494
6677 7034 6632
17274 18352 17837
4146 4085 3959
7857 8756 8261
12193 12941 12678
16909 17809 17050
2770 3169 2700
9848 10863 10655
16698 17773 17179
14538 15658 15129
10104 10755 10425
2451 2662 2538
12047 13106 12604
15565 16630 16286
12234 13081 12428
6701 6894 6949
5746 6190 5992
2687 2921 3025
587 541 612
14515 14831 14660
11247 11907 11289
6976 7542 7272
6665 7119 6539
5384 6069 5602
2019 1955 2262
6925 7173 7120
11455 12362 11803
17185 18100 17569
14036 15159 14330
1329 997 1054
13975 14584 14214
9096 9754 9699
11398 11640 11609
1455 1894 1723
11280 11841 11547
13918 14774 14294
16613 17629 17226
2179 2139 1842
1339 1040 1139
5342 5670 5863
4758 4938 5145
721 836 904
15842 17038 16291
8333 9363 8934
13938 14778 13982
1534 1478 1748
2162 2355 2266
5801 6373 6174
2811 3181 2899
4046 4235 3998
15512 16276 15738
3595 3894 3538
14411 14876 14728
14713 15782 15095
7356 7661 7419
2299 2632 2401
8469 9360 9031
17452 18122 17834
1742 1799 1768
5528 6300 6076
4819 5143 4781
1840 2179 2224
6100 6664 6273
15057 15842 15382
1883 2237 2066
1170 1266 1009
7604 8199 7800
3526 3664 3741
9060 9981 9505
17579 18682 18176
8858 9699 9258
8799 9499 9403
1301 1231 1396
13372 14282 13760
17942 18697 17889
8330 8949 8355
15078 15976 15393
7131 7610 7325
2931 3129 3051
16302 17130 16857
16013 16702 16671
16179 17052 16614
5861 6356 6101
13501 14272 13847
11750 12540 11941
11415 12285 11816
881 965 777
15830 16664 16221
8440 9362 8820
16330 17238 16683
16877 17345 17315
11406 11729 11204
9132 9933 9590
5666 6363 5879
12853 13793 13559
9620 10196 10240
9841 10571 9733
14491 15225 14452
15516 16473 15978
7282 7701 7370
15814 16430 16172
17921 18651 18310
4121 4475 4284
8884 9671 9388
1747 1872 1555
9307 10500 10170
4151 4166 4067
3974 4040 4097
16935 17788 17244
98 264 209
18129 18892 18381
15023 15382 14895
4130 4297 4246
15976 17063 16470
1268 1121 906
6251 6559 6389
10379 11220 11064
11873 12831 12209
13403 14202 13564
16046 17071 16430
12227 12987 12694
4945 5355 5438
6648 7102 6675
7145 7422 7244
15281 16017 15617
1315 1436 1412
10706 11608 11137
2510 2459 2650
7593 8293 7754
6565 7056 6717
2958 3531 3319
8674 9692 9371
13267 14297 13679
4792 5108 5168
4071 4202 4302
1109 1464 961
9986 11053 10617
12030 12930 12358
15270 15999 15489
9399 10004 10227
14860 15814 15194
11102 12064 11498
9898 10670 10571
2892 2832 3079
12245 13431 12829
10311 10898 10589
5126 6094 5849
2731 2881 3070
8258 8997 8309
14220 14921 14375
15007 15337 15162
12044 12935 12295
15748 16511 16018
815 718 869
15722 16691 16242
12529 13297 12700
13736 14354 14278
7550 8262 8078
14674 15627 15369
13864 14543 14257
5469 5989 5875
16834 17752 17306
12537 13390 12901
8127 8677 8575
9444 10284 10031
8311 8795 8544
16432 17262 16800
15205 15949 15528
17532 18606 18148
2917 2958 2863
14537 15134 14579
10280 10713 10510
11527 12315 11745
11916 12446 12070
4718 5272 5118
16215 17005 16591
11376 12042 11660
5774 6281 6167
13113 13905 13369
14085 14785 14416
11896 12909 12427
3912 4398 3823
5863 6614 6533
6894 7343 7151
5261 5844 5918
2534 2361 2647
1796 2349 1938
8373 9194 9001
9527 10531 9992
7777 8505 8252
17903 18511 18312
4807 5306 4605
6430 6935 6972
10763 11594 11101
12543 13112 12794
9769 10553 9951
1687 1945 1513
11784 12921 12373
13120 13948 13651
13664 14740 14068
4436 4489 4578
8162 8927 8657
11815 12704 12413
360 1 272
17737 18667 18294
17433 18287 17831
15242 16033 15638
16466 17680 17295
4002 4266 4228
13833 14693 13890
7090 7579 7365
16516 17802 16875
15076 15470 15353
907 864 637
628 763 834
4152 4662 4419
7393 7812 7464
17799 18711 18252
17770 18634 18116
1286 1458 1425
10828 11424 10706
11309 11686 11673
13308 14252 13875
4740 4893 4819
12146 13070 12566
6912 7128 7200
5961 6758 6179
10214 10625 10382
7565 8231 7934
51 338 297
7115 7638 7361
10375 11087 10244
5845 6252 6022
14260 15198 14749
14751 15824 14801
8590 9011 8725
13119 13732 13256
14588 15839 15298
5833 6101 6051
17379 18171 17799
4202 4738 4508
9648 10054 9825
12334 13434 12959
9826 10324 9781
16990 18058 17490
13046 13838 13216
3211 3382 3253
14789 15761 15276
14824 15739 14751
18094 18741 18364
5708 6334 6158
7945 8901 8666
11622 12213 11827
5856 6222 5960
7497 8024 8073
12645 13659 13431
13965 14718 14192
380 673 600
6931 7504 7348
9560 10516 10093
18070 18845 18391
3131 3426 3374
8092 8834 8436
1362 1838 1703
5317 5803 5493
5045 5476 5267
15614 16292 16089
5017 5538 5381
15892 16794 16536
11330 11997 11468
2557 2411 2510
8408 9295 8968
473 583 621
7579 8071 8022
4845 5400 5306
7839 8324 8166
3402 3536 3762
1601 1715 1758
8960 9706 9110
8196 8968 8629
1 93 244
16228 17082 16732
16071 16752 16665
13982 14753 14145
11414 11969 11639
1737 1913 1778
1409 1668 1464
2614 2781 2578
13481 14301 13706
16118 16834 16639
9816 10432 10200
17231 18328 17720
2622 2722 2268
11362 12132 11591
9675 10575 10221
