25989
8494 9439 8832
10365 10932 10444
8311 9009 8636
19313 20915 20048
21308 22542 21199
25170 25811 24672
17324 18898 17998
15333 16164 15292
18268 19297 18531
24397 25002 24574
17760 19348 18522
7291 7426 7384
24544 25269 24409
14780 15646 14728
1389 1342 1301
7599 8240 8097
8488 8505 8648
10712 11489 10933
2065 2665 2549
10345 11217 10363
22768 23750 22701
7209 7376 7447
21604 22497 20980
10693 11320 10942
9993 10647 9946
12377 13335 12679
1667 1888 2021
23638 24427 23460
0 320 379
6516 6826 6595
5068 5311 5203
22254 22875 21674
9430 9832 9593
21275 22508 21329
1244 1190 1591
3103 3433 3174
20176 21360 20487
1274 1437 1341
17983 19280 18497
17664 18857 18047
7869 8332 7946
17558 18886 17709
2596 3063 2776
451 364 438
6976 7372 6771
22723 23640 22518
21620 22768 22276
24529 25108 24545
3892 4132 4304
21831 22841 21894
15398 16710 15757
12444 13016 12621
20604 21819 20901
12687 13845 13163
16786 18515 17234
19831 21007 19951
17096 18524 17194
10669 11284 10728
4561 4672 4511
14863 15941 14915
19490 20997 19901
24772 25944 24715
18552 19903 18831
2810 3319 3209
4878 5441 4984
11989 12534 12168
15731 16801 16082
20777 21982 20566
2645 3142 2999
20835 21951 20974
25159 25745 25110
16274 17492 16841
12413 13111 12560
10131 10968 10537
11828 12388 11759
9275 10173 9184
23587 24482 23612
15278 16186 15565
8790 9481 9099
6031 5915 5874
1022 571 1102
24060 24839 23870
2567 3084 2815
9800 10352 10004
4326 5027 4917
10318 11170 10509
990 1024 547
3442 4077 3915
22041 23193 21979
11692 12962 12165
21557 22029 21028
21404 22408 21369
4127 4938 4924
5956 6008 5918
2762 3466 3388
9703 10571 9803
3665 3866 3615
9438 9948 9388
23242 24453 23489
6220 6778 6391
21461 22197 21438
3966 4086 4006
5867 6317 6040
15446 16474 15881
1784 1648 1686
19820 20895 19838
23912 24664 23831
21341 22302 21471
19719 21003 19757
23197 24264 23692
5899 5818 5563
24513 25300 24222
17310 18547 17648
3049 3602 3412
19359 20976 19719
8834 9529 8913
10734 11411 10690
3474 4024 3726
24207 25042 24125
8539 9599 8745
20978 22268 21474
8991 10128 9563
7530 8372 7915
21582 22429 21350
12801 13673 13259
2125 2245 2296
16696 17943 17058
4844 5496 5257
18087 19242 18304
1802 1772 2234
13626 15075 14481
13461 14355 13691
24043 24693 23940
5342 5815 5376
12498 13532 12171
1999 2773 2437
22124 23088 22198
11409 12005 11582
21943 23047 22057
13385 14166 13661
24367 25324 24522
1343 1984 2206
17066 18217 17639
830 956 1168
19634 20846 20033
8847 9299 9004
24453 24920 24508
21570 22486 21303
11888 12486 12125
22068 23172 22019
4455 5049 4909
322 277 89
20677 22023 20857
14492 15970 14638
19449 21006 19625
7787 8441 7838
17318 18088 17104
19903 21058 20261
14261 15307 14450
9987 10397 10165
16427 17613 16776
9510 10776 10157
9630 10529 10172
4035 4585 4422
2354 2497 2724
6653 7281 6898
10724 11557 10922
11112 11932 11127
4511 4712 4374
20900 21710 20839
20977 21447 20636
5039 5384 5117
20046 21108 20428
9406 9600 9654
7023 7883 7467
5709 6426 5817
9074 9698 9420
7812 8451 8072
24989 25711 25088
11095 11850 11309
7250 7846 7309
8838 9211 8650
14907 16139 15363
2182 2291 2698
3527 4037 3890
9246 9983 9479
11120 11702 11293
23844 24852 23974
6775 7228 6838
18021 19336 18418
18421 19414 18986
24427 25333 24264
8626 9463 8874
411 372 215
11526 12575 11712
15745 16907 16181
21077 22525 21462
12357 13368 12460
17756 18925 17659
9857 10839 10084
23653 24329 23683
14038 15181 14176
2900 3625 3319
24250 25247 24492
8180 9037 8649
7440 7609 7335
506 980 591
7760 8308 7977
4169 4492 4822
6919 7351 7014
21373 22532 21448
18118 19223 18229
23805 24872 24115
16442 17561 16182
16906 18259 17564
19853 20677 20006
12458 13571 12262
13719 15235 14507
12266 13193 12774
8821 9378 9111
11516 12383 11476
7167 7910 7228
24564 25170 24174
7384 7793 7360
5228 5501 5347
48 164 253
1126 1408 1454
18868 20135 19526
4684 5197 5262
19277 20384 19069
12892 14017 13241
13007 14680 13463
5792 6382 5977
16641 17712 16911
5198 5698 5407
3667 3918 3532
2385 2336 2708
17677 18839 18041
23149 24441 23635
10369 11097 10297
9460 10828 10032
4978 5236 5150
17491 18652 18017
16415 17425 16643
7490 7903 7126
11730 12885 11935
21613 22159 21387
1957 2002 2346
13531 15210 13955
1165 1317 1254
16356 17615 16835
21028 22334 21415
13673 14940 14325
24112 24864 23693
6286 6822 6368
22748 23772 22813
11121 12210 11621
4537 4912 4324
22282 23724 22755
2410 2986 2944
8351 8896 8117
9971 10845 10105
2376 2606 2478
21507 22537 21119
8024 8935 8453
6807 6914 6869
18281 19195 18052
13579 14894 14517
5930 5962 5655
20243 21296 20174
19311 20290 19426
13334 14116 13796
17701 18910 17977
13447 14447 13747
13474 14727 13271
15025 16025 15516
3977 4367 4292
2279 2745 2594
23053 24024 23093
20969 21997 20873
7976 9183 8423
23121 24045 23214
18379 19601 19008
1842 1866 2084
12825 13987 13109
17904 18928 18537
7922 8416 8114
6402 6789 6494
13239 14752 13600
8463 9194 8641
21980 23068 21808
21543 22076 21428
17240 18131 17524
4393 4785 4627
19743 20816 19673
16296 17601 16578
7356 7566 7199
3575 3682 3865
23880 24582 23789
23019 24054 23188
19052 20409 19161
22149 22968 22174
22985 23783 22911
6364 6652 6466
854 484 742
4602 4394 4841
8848 9596 9067
17005 18472 17350
17287 18174 17658
16251 17318 16441
4083 4443 4698
7009 7331 7080
17651 18820 17911
25070 25779 25047
19118 20002 19405
23145 23924 23051
2154 2572 2610
2401 2459 2624
13273 14621 13857
6990 7341 7076
24333 25312 24377
2409 2720 2773
1393 1822 2228
9736 10486 10122
12717 14059 13037
24858 25956 24957
11798 12437 11971
24818 25561 24889
21710 22685 22306
23287 24055 23677
15662 16562 15987
11962 12957 12113
12482 13301 12740
3613 4068 3840
7073 7695 7485
592 720 456
7665 8010 8085
11118 11613 11314
20384 21231 20124
498 252 447
4618 4821 4858
19854 21193 20399
18149 19358 18267
6866 6963 7045
9181 10206 9661
1337 1229 1545
20975 21642 20953
896 648 936
19786 20748 19874
13965 15361 14533
9451 9744 9231
6039 6440 6090
7730 7962 8025
11053 11953 10960
6317 6713 6449
8389 8646 8166
8212 8972 8554
7890 8355 7669
8898 10162 9647
7899 8103 8051
11977 12809 12034
20134 21395 20500
12297 13065 12702
4807 5274 5265
14304 15408 13858
8406 8600 8573
10960 11871 11051
999 817 966
23374 24358 23517
8438 8817 8590
2708 2953 3021
5371 5628 5435
15239 16340 15564
11914 12836 11851
10924 11948 11320
22640 23209 22426
7916 8195 7574
12492 13429 12217
15117 16295 15558
12429 13152 12723
5307 5729 5487
5666 6097 5939
14864 16085 15396
254 337 428
12957 14590 13816
22577 23258 22639
2711 3170 3089
16538 17886 16869
1203 1292 1561
9110 10105 9354
12396 13230 12591
15342 15992 15501
24580 25475 24998
12774 14112 12875
23452 24409 23568
9945 10442 9975
138 226 363
24960 25967 24624
3869 4379 4278
15145 16112 15457
15636 16742 16174
9351 9875 9504
1318 1147 1525
22244 22937 22259
9303 10049 9619
6088 6488 6412
6181 6766 6498
3657 3837 3977
1906 1924 1821
20345 21152 20218
22817 23351 22798
19086 20217 19565
8111 8553 8629
23646 24194 23429
22948 24001 23262
4673 4884 4590
21906 22806 21851
2704 3125 2884
3124 3616 3400
9995 11233 10223
1746 1943 1592
18610 19514 18638
21486 22233 21272
16224 17578 16743
12624 13884 12919
17588 18921 17759
13487 14761 13848
20522 21890 20604
23626 24105 23543
25016 25519 24754
15316 16224 15561
12047 13546 12528
13409 14215 13631
2210 2420 2248
23661 24826 24095
7424 7732 7284
12910 14084 13000
14798 15907 14544
20864 21843 20887
10847 11800 11094
20745 21967 20521
6442 6734 6220
448 385 453
15195 16278 15428
8370 9203 8645
1030 1095 1126
2713 3519 3095
20806 21607 20758
6038 6289 6029
15790 16824 15665
1863 2637 2730
3933 4306 4056
24680 25841 25016
14448 15417 15036
4249 5035 4932
14841 15991 15101
1860 1998 2142
11861 12946 12145
22270 23183 21722
5998 6053 5846
20388 21677 20971
1328 1098 1205
13149 14309 13568
3372 3634 3988
15758 16603 15712
20945 21768 20668
17256 18450 17583
16197 17243 16476
1523 1717 1776
12938 13806 13250
13928 15284 14355
15772 16844 16053
917 845 1149
22670 23612 22559
18177 19324 18479
15296 16352 15250
1304 1388 1575
8754 9557 8699
15701 16520 15917
2095 2378 2514
11104 11658 11184
5090 5457 5267
3648 4059 3424
16943 18380 17545
22610 23307 22849
11444 12094 11535
11984 12649 11665
7492 7893 7168
12189 13578 12424
11997 13266 12349
24077 24769 24120
6960 7375 7068
22909 23965 23238
14745 15838 14591
11573 12752 12083
14128 15329 14049
17527 18730 17861
11016 11941 11276
20918 21867 20941
16627 17618 16943
13508 14486 13843
17166 18043 17386
11568 12307 11509
21666 22596 22220
1228 1433 1492
2537 2870 3057
20479 21529 20915
10761 11922 11234
14154 15411 14542
6696 7301 6949
7018 7320 6645
23660 24488 23338
25043 25639 24825
7847 8150 7801
8474 8777 8393
5384 5868 5788
10743 11518 10569
11992 12906 12003
15486 16897 16021
14707 15466 15084
12947 13954 13073
14401 15987 14882
18947 20491 19482
4732 5348 4934
6941 6871 7031
23513 24493 23690
11970 12685 12159
19600 20782 20020
4622 4982 4762
18336 19885 18969
7632 8429 8003
18499 19800 18934
9667 10305 9912
18285 19025 18339
23416 24153 23654
19227 19955 19281
10264 11191 10490
426 351 46
14619 15809 15008
12746 13718 13202
21526 22474 21237
216 0 291
4288 5043 4664
10240 11226 10332
3801 4350 4106
15058 16363 15480
24894 25386 25032
5152 5665 5497
3668 4329 4182
12589 13580 13267
15348 16864 16128
3409 3941 3997
19303 20429 19512
3627 3892 3787
5286 5755 5475
1834 1958 1731
5484 6413 6035
14652 15515 14846
25187 25602 24575
25193 25675 24790
18624 19674 18867
15684 16427 16163
19248 20448 19445
11614 12863 12064
14288 15031 14410
7022 7361 6806
17632 18872 17956
8849 9789 9666
23710 24791 24008
15787 16881 15952
23974 24625 24103
18674 19639 18795
23331 24474 23591
2977 3179 3271
979 901 632
10044 11038 10559
25135 25431 25108
10514 11472 10956
10757 11562 10826
11299 12244 11602
23565 24386 23687
10287 11071 10420
3153 3358 3421
7880 7913 7714
20712 22017 20786
6837 7258 6973
3985 4999 4730
22197 22906 22148
552 437 1076
2336 2149 2718
3155 3772 4005
6893 7167 6924
11654 12782 11895
15930 16972 16367
12848 14043 12780
22281 22643 22122
2318 2763 2393
3081 3275 3375
3951 4246 4145
21792 22727 22095
10304 11207 10179
8691 9414 9029
17299 18351 17627
13517 14523 13836
7698 8402 7758
13890 15415 14431
6135 6532 6259
5258 5776 5512
16013 17022 16761
22262 23161 21937
17186 18551 17601
22098 23106 21525
7836 8388 7881
24578 25199 24559
19564 20555 20041
18228 19311 18460
23759 24494 24109
11953 12720 12101
1695 1746 1865
12496 12966 12651
8842 9514 9120
16445 17872 16955
17120 17893 17454
14180 15151 14216
21168 22461 21402
18668 19740 18539
20641 21913 20961
6733 7051 6690
14535 15720 15075
11213 12050 11363
9908 10797 9716
2700 3039 2733
19837 20510 19971
24478 24878 24341
3014 3541 3243
25096 25915 25061
20210 21400 20509
15563 16915 16110
15784 16773 15801
8068 9064 8292
8242 9169 8481
16437 16922 16231
22542 23394 22729
23148 24040 22861
15886 17520 16829
2235 2770 2687
19177 20478 19540
19841 20934 19801
15717 16676 15841
18289 19873 19018
14987 16057 15539
9981 10612 9762
353 301 390
22173 23025 21625
8772 9582 9127
23102 24034 22961
24003 24745 24124
13360 14708 13500
16403 17072 16611
18779 20324 19553
11068 11909 11319
12656 13919 12829
2300 2693 2663
19766 20987 19927
632 754 702
3139 3397 3473
4945 5414 5178
774 1086 810
22869 24052 23276
7467 7763 7259
10550 11455 10849
21752 23122 22291
18731 20093 19205
2940 3229 3295
10760 11505 10612
12549 13762 12960
17451 18793 17796
1289 1366 1418
2032 2100 2675
6467 6818 6317
20284 21267 20335
16828 18292 17615
17143 18404 17274
21242 22447 21467
19952 21343 20451
13498 14793 13828
3595 3962 3940
7003 7198 6549
2506 3105 3072
11995 12613 12136
24630 25337 24938
4360 4626 4551
14298 14986 14093
16868 18488 17422
10751 11234 10797
14228 15416 14002
23943 24720 23905
9931 10815 10136
15259 16243 15528
22503 23471 22600
19527 20871 19989
21208 22361 21473
8267 9091 8212
12955 14094 13185
17410 18604 17886
23081 23832 23162
12872 13627 13138
11167 12357 11559
7565 8057 7620
22464 23782 22326
1637 1846 1908
22275 22998 21475
7927 8857 8254
1824 1611 2244
9830 10753 9877
18594 19559 18998
13527 14742 13369
18575 19896 18913
8290 8457 8534
19666 20639 20065
16647 17749 16957
15088 16326 15328
10618 11530 10888
5323 5551 5268
19204 19907 19349
9214 10198 9528
24025 24809 23743
17223 18322 17653
949 1003 667
2689 2823 3082
4623 5149 5032
20882 21402 20977
19849 20964 20060
5751 6222 5516
8481 8736 8507
11338 12376 11639
4484 4749 4886
3638 4084 3814
1722 1907 2114
2458 3013 3039
21593 22119 21161
9420 10204 9273
22279 23202 22240
24162 25336 24568
5831 6431 5897
13523 14778 13417
17706 19261 18511
1085 1421 1585
12499 14104 13229
24496 25285 24475
11764 12922 11805
8806 9339 8977
8147 9152 8329
6452 6813 6480
16337 17355 16279
6468 7094 6733
4209 5015 4899
5010 5485 5079
15169 16261 15111
9593 10257 9667
10355 10894 10566
10372 11552 10951
10470 11355 10870
14828 15607 15051
10586 11542 10765
19291 20254 19244
10360 11122 10525
8945 10183 9607
9553 10208 10149
1080 684 1023
10092 11147 10549
7324 7821 7500
3250 3995 3654
1437 1797 1988
5977 6364 6011
16593 17853 16890
18660 19855 18721
5150 5101 5226
7122 7652 7406
18984 20356 19464
1565 1440 2190
6023 6436 5994
3149 3496 3358
15526 16380 15566
16570 17785 16950
12471 13485 12306
452 610 1050
1765 1573 2167
19695 20951 19576
5356 5796 5313
21125 22518 21457
2623 3156 2853
10332 11231 10467
20090 21389 20368
14204 15391 14526
23136 23879 23009
9882 10730 9843
6460 6807 6432
19405 20713 20070
1480 1683 2220
15778 16920 15616
20000 21380 20474
10994 11827 11156
3760 4277 4219
8422 9134 8606
22798 23696 22673
9368 10207 9314
12228 13510 12495
18205 19164 18370
17809 19101 18440
24574 25076 24303
18681 20508 19378
14246 15400 14135
14813 15684 14768
15972 17459 16791
6253 6687 6288
383 197 132
18638 19364 18677
3914 4392 4320
9329 10079 9451
8451 8692 8361
4770 5471 5243
438 91 174
18825 20504 19023
19148 20048 19498
11498 12175 11321
2856 3584 3136
14070 14795 14466
96 379 417
1855 1992 2053
20364 21324 20299
22221 23149 22317
22819 24049 23131
20933 21934 20730
13306 14786 13773
1606 1973 1640
11083 11736 11303
14853 15957 14684
14100 15260 14495
24554 25139 24536
1814 1488 2239
2665 2912 2968
6609 7367 6996
3717 4388 4239
16165 17608 16723
5103 5590 5460
22787 23433 22376
16612 17668 16843
18910 20464 19575
10208 10846 10259
9445 10191 9638
16131 17205 16805
9390 10148 9579
16095 17162 16698
15347 16311 15206
10422 11434 10652
18528 19771 18588
9768 10680 10058
11508 11955 11403
25148 25867 24857
7014 7131 7059
18248 19064 18189
805 873 1201
3982 4175 4315
20963 21488 20700
14947 16205 15549
24292 24961 24432
17945 19133 18146
16389 17281 16545
4425 4856 4467
9146 9912 9546
5622 6140 5960
1036 1263 1380
4912 5052 5252
10886 11769 11210
14305 15780 15109
21869 23136 21765
19018 20177 19316
17690 18765 17934
22332 23668 22839
16493 17820 16931
290 50 0
16372 17541 16327
21436 22387 21074
3203 4010 3574
5532 6181 5701
875 929 1185
16741 18542 17008
965 786 875
9456 9650 9134
20564 21569 20814
22698 23543 22779
19804 20599 20054
22011 22547 21575
7908 8455 7513
18649 19708 18952
24096 24875 24069
14353 15864 15093
20956 21741 20979
17205 18427 16958
8331 9113 8621
5382 5806 5507
1849 1534 1949
8662 9543 8950
24091 24538 24039
8714 9570 9050
7454 7474 7563
3294 3980 3959
24729 25986 24914
14764 15750 14947
14002 15345 14383
18056 19362 18101
933 1060 776
15791 17390 16817
23539 24298 23289
16054 17119 16405
12096 13399 12757
4582 4962 4793
8845 9498 9084
8735 9255 9132
3551 4049 3485
2367 2535 2572
672 1043 906
4621 4539 4930
9959 10706 10178
12145 13559 12387
10170 11004 10394
3501 3730 3691
6417 6799 6179
11472 12276 11656
22808 23779 22824
25180 25978 25075
18460 19464 18758
18679 19828 18891
12327 13458 12766
14577 15563 14978
24114 25225 24455
6381 6754 6344
24927 25931 24976
22382 23507 22472
5434 6345 5609
7493 8280 8108
15600 16640 16146
13055 14262 13852
14683 15981 15106
14726 15888 14807
1914 2051 2637
5578 6399 6022
16974 18537 17149
23607 24229 23386
3839 4211 4253
3144 3563 3340
13765 15376 13908
20435 22010 20967
13429 14770 13855
11940 12934 12152
11038 11563 11257
13809 14845 14290
10644 11385 10906
16318 17617 16671
15216 16374 15159
20316 21370 20517
14275 15113 14539
12928 14072 13216
13529 14401 13320
2678 2775 2915
7480 7870 7082
19263 20499 19115
20375 21008 20074
6346 6615 6135
708 530 995
17857 18978 18395
10807 11891 11007
176 129 327
13102 14558 13721
23485 24464 23671
22424 23578 22857
25117 25891 25098
6431 6576 6043
7406 7522 7425
17611 18555 18030
15840 17591 16511
742 387 843
6011 6257 5746
17368 18694 17829
3333 3803 3758
13850 15414 14253
1013 1076 502
8584 9590 8789
6562 7008 6499
17272 18502 17313
20972 21795 20928
17036 17993 17503
9034 10018 9629
16651 18531 17480
14858 15924 15065
2257 2197 2650
11374 12334 11664
13195 14651 13536
11257 12136 11441
