11577
9242 9343 9285
1724 1571 1659
2963 3016 3072
6932 7049 6996
9991 10117 10067
4207 4126 4277
1084 1166 1125
7646 7778 7743
8025 8163 8106
8170 8224 8285
9955 10032 9994
10066 10006 10099
5531 5582 5846
10866 10965 11093
4253 4205 4325
7281 7222 7178
8415 8457 8527
2488 2646 2579
7677 7526 7609
6582 6820 6747
2075 2007 1921
4836 4701 4764
5795 5965 5916
122 42 163
8324 8527 8451
9123 9172 9210
6828 6890 6940
11257 11322 11440
7051 6999 7128
1619 1694 1765
9196 9249 9322
44 0 88
7250 7335 7405
3465 3519 3320
7523 7575 7464
5338 5287 5399
3869 3917 3816
7875 7931 8003
410 439 336
86 198 128
9387 9415 9450
10172 10230 10291
2520 2576 2474
8889 9008 8933
6169 6218 6300
5456 5392 5520
10022 10069 10122
2885 2973 2838
11350 11403 11488
7958 8014 8074
10527 10580 10641
995 1134 1045
5224 5314 5279
3900 4015 3969
10277 10364 10331
2161 2239 2197
646 743 793
273 230 201
8945 9036 9148
3667 3593 3724
5641 5883 5806
6095 6050 6150
1657 1616 1534
1785 1876 1719
7721 7668 7773
4167 4370 4237
3716 3766 3637
4541 4480 4433
8443 8377 8489
1196 1416 1344
2408 2274 2332
8750 8832 8897
6519 6591 6644
10766 10867 10945
9860 9906 9938
11305 11440 11390
3239 3297 3365
9464 9518 9595
4082 3979 4046
6629 6504 6553
10209 10266 10167
6031 6078 6118
3388 3447 3498
3601 3701 3669
8855 8904 8967
2365 2422 2283
4901 4783 4847
7137 7086 7220
2233 2323 2382
9777 9825 9900
3289 3347 3413
1119 1052 1207
9915 9960 10028
376 301 264
6472 6545 6594
4117 4245 4188
689 607 467
9659 9684 9743
6862 6926 6974
4582 4645 4475
8786 8868 8823
1502 1730 1622
11187 11143 11269
6122 6169 6252
2854 2810 2926
8366 8255 8318
1168 1203 1094
3162 3082 3023
731 785 662
11055 11101 11180
5412 5473 5351
7218 7302 7338
10480 10423 10561
11137 11273 11224
10816 11012 10895
4052 4171 4114
510 560 615
4757 4826 4698
10914 11055 10995
8920 8980 9040
4355 4295 4396
6968 6858 6906
7001 7136 7078
5069 5139 5196
4436 4613 4561
7184 7264 7373
9551 9603 9501
4797 4940 4894
1053 986 873
4329 4406 4364
3741 3790 3842
6282 6362 6414
2659 2720 2766
11225 11370 11308
9890 9933 9967
3636 3735 3701
11008 10917 10845
11388 11484 11533
1387 1326 1254
4016 3941 4079
1292 1235 1160
10441 10514 10679
2612 2765 2689
6712 6784 6870
437 513 566
8089 8124 8168
6406 6444 6491
4614 4588 4669
10741 10841 10787
5492 5538 5588
10673 10618 10717
2112 2189 2047
4508 4554 4599
5679 5761 5628
9509 9561 9637
10566 10652 10603
7423 7476 7561
959 909 1013
10089 10147 10207
5288 5343 5425
4870 4906 4975
8053 8192 8134
7473 7623 7699
8123 8045 8203
5999 6112 6047
2002 2044 2130
1246 1372 1299
3539 3639 3576
7101 7186 7266
5365 5427 5474
9098 9143 9181
7344 7395 7306
9358 9443 9474
1342 1281 1388
1875 1924 2005
0 123 44
3571 3672 3608
10132 10189 10250
7614 7746 7810
1429 1461 1505
4709 4867 4932
9595 9647 9709
812 868 753
2811 2929 2881
199 165 230
9148 9295 9235
3978 4054 3930
3785 3834 3887
5184 5252 5312
2582 2546 2659
1580 1655 1465
333 256 390
3943 4092 4009
9732 9781 9857
2551 2469 2508
5620 5515 5559
6746 6698 6831
8566 8487 8629
4291 4332 4147
6441 6479 6526
6555 6628 6676
4639 4676 4739
3826 3877 3770
2780 2842 2733
10640 10725 10519
10603 10689 10751
10348 10393 10466
8717 8655 8601
228 369 298
2736 2672 2611
773 828 912
9683 9863 9815
6670 6740 6787
5027 4978 5089
10416 10554 10494
3123 3224 3280
7571 7703 7655
7776 7835 7909
7750 7810 7840
3427 3486 3540
5756 5629 5678
2039 2153 2093
9027 9069 9113
4391 4436 4515
602 466 516
1954 1826 1877
10248 10304 10360
8673 8789 8734
6215 6301 6345
2321 2373 2233
2449 2607 2544
7316 7366 7435
1761 1794 1696
9328 9383 9417
2994 2895 2954
5842 5718 5764
5257 5221 5164
2704 2869 2811
5576 5674 5723
485 410 363
4995 5054 5129
1454 1523 1573
7915 7970 7867
5919 5840 5965
888 948 834
4948 5089 5005
6251 6332 6380
9062 9111 9003
6885 6950 7033
8234 8417 8365
8202 8304 8253
7373 7427 7511
10708 10757 10812
3502 3557 3462
6787 6654 6703
556 654 709
10305 10470 10388
9283 9199 9367
1695 1765 1799
5880 5924 6007
7826 7885 7957
11097 11187 11138
6331 6263 6213
8820 8751 8859
927 1019 1068
5151 5189 5246
5119 5019 5055
8284 8336 8411
5722 5808 5885
8482 8606 8557
8526 8566 8670
4661 4738 4803
10378 10333 10430
3028 3176 3102
5964 6011 6079
1022 1101 986
11424 11225 11343
3207 3265 3148
9414 9470 9545
9816 9708 9771
3078 3131 3182
157 81 0
8627 8709 8781
10961 10791 11043
1834 2080 1965
298 335 433
1542 1487 1427
6365 6408 6455
2278 2503 2431
7992 8091 8043
2197 2116 2162
2928 3048 2989
1914 1966 1832
9632 9752 9681
8982 8936 9069
6063 6144 6181
8605 8683 8709
3339 3397 3230
4473 4521 4635
851 700 949
