2753
709 596 491
1444 1498 1399
2070 2049 1982
1875 1953 1929
683 544 484
390 282 334
1319 1334 1269
539 482 441
792 685 629
1302 1202 1236
1415 1444 1362
356 233 285
124 232 268
2632 2681 2569
1313 1236 1190
0 43 79
1587 1618 1666
438 486 390
1265 1158 1315
1782 1856 1863
1945 2006 1895
2172 2122 2066
1073 974 919
597 533 453
2365 2422 2275
1766 1693 1646
1861 1826 1787
1388 1363 1318
779 642 607
102 183 146
483 355 414
110 224 179
884 748 795
1830 1725 1767
1257 1140 1085
2454 2513 2404
1545 1595 1495
766 667 573
2173 2262 2212
2305 2376 2216
1735 1649 1697
524 444 392
1170 937 1022
938 843 904
808 702 679
1004 800 876
36 86 129
2007 1978 2051
2253 2194 2158
2440 2456 2306
1081 1066 1131
2582 2746 2632
2262 2305 2334
1126 998 1051
2345 2215 2265
2102 2068 2031
1986 1904 1821
866 687 701
1508 1470 1400
2696 2659 2497
637 593 489
307 399 386
548 541 480
1033 893 957
738 682 538
1500 1378 1450
1910 1857 1956
2045 2076 1940
2224 2171 2112
2529 2482 2343
888 751 843
1780 1800 1705
1246 1071 1137
1656 1519 1576
1368 1409 1389
1202 1033 985
237 185 283
2668 2731 2535
2148 2089 2179
1341 1307 1382
1703 1763 1813
264 331 378
57 137 200
1870 1849 1726
1204 1107 1172
2406 2341 2384
1478 1518 1535
46 0 47
972 884 796
174 87 243
2545 2583 2484
1330 1279 1355
1614 1709 1670
2176 2328 2273
193 281 320
2575 2623 2457
1596 1561 1615
2491 2541 2409
822 699 751
47 77 0
