7676
6182 6245 6110
1256 1089 1174
1996 1936 1895
4662 4612 4550
6692 6566 6657
2753 2809 2861
808 751 707
5285 5222 5187
5372 5311 5240
5490 5538 5427
6660 6625 6548
6557 6594 6628
3905 3959 3849
7359 7292 7226
2799 2851 2734
4925 4876 4816
5607 5658 5550
1507 1599 1555
5135 5083 5018
4557 4514 4468
1207 1330 1268
3299 3202 3261
4104 4031 3999
50 0 127
5691 5573 5628
5957 5906 5861
4448 4343 4393
7652 7549 7576
4836 4693 4771
1041 980 1128
6004 6082 5945
173 124 247
4968 4787 4859
2181 2131 2091
5010 5131 5064
3542 3393 3454
2537 2367 2424
5343 5386 5310
207 351 276
241 203 174
6135 6013 6064
6773 6827 6888
1769 1643 1707
5864 5813 5737
4056 4180 4107
3614 3675 3568
6942 6903 6812
1806 1856 1921
7572 7505 7444
5311 5346 5276
6967 7061 6924
643 600 529
3455 3506 3416
2724 2669 2600
6865 6782 6730
1383 1468 1518
484 560 345
141 90 45
6054 5973 5905
2321 2270 2223
3861 3747 3805
3936 3988 3882
1087 1157 1010
1355 1301 1393
5209 5251 5151
2977 2770 2902
2366 2313 2269
3052 2988 2936
5656 5708 5597
887 1030 951
1602 1506 1420
5834 5876 5773
4351 4295 4214
7321 7374 7267
6474 6389 6336
7537 7610 7489
2023 2091 2155
6375 6432 6305
2621 2546 2466
4246 4390 4314
6907 6867 6776
3978 3878 3926
2216 2165 2124
2295 2340 2398
5899 5947 5832
1461 1683 1597
3427 3337 3389
4745 4831 4633
1728 1553 1638
6519 6463 6409
2148 2240 2192
677 832 736
6628 6705 6510
348 258 202
4315 4260 4360
2846 2700 2782
528 434 601
6337 6205 6267
4489 4543 4432
3140 3032 3078
5791 5738 5690
1176 1124 1208
7464 7414 7345
4165 4096 4024
1879 1828 1782
5559 5610 5503
760 703 820
1911 1962 2041
726 635 674
7188 7250 7304
3654 3594 3500
4881 4947 4727
7055 7099 7156
7506 7452 7416
7280 7333 7184
2438 2500 2551
605 668 566
3254 3114 3185
7230 7159 7062
5755 5849 5803
2945 2895 2827
4587 4436 4524
5060 4920 4993
3391 3440 3360
3102 3163 3038
4791 4991 4902
6223 6282 6151
3329 3363 3291
390 302 439
2920 2962 3013
2397 2459 2513
4212 4146 4074
1678 1745 1811
7435 7476 7388
6407 6505 6451
2246 2193 2299
7398 7209 7111
7619 7576 7523
983 949 1055
2575 2624 2688
837 782 901
7125 6981 7028
1845 1795 1745
4401 4470 4264
570 521 640
5448 5500 5387
4288 4228 4151
3008 3071 3142
7008 6935 6838
3830 3715 3776
7159 7130 6997
1421 1380 1318
3178 3231 3111
3782 3833 3730
6298 6350 6229
7085 7020 6961
5086 5033 4943
298 475 389
6723 6655 6578
3748 3640 3697
3214 3267 3320
5400 5450 5337
5183 5285 5214
5527 5413 5464
4020 3921 3965
1327 1272 1240
918 877 784
2110 2053 2003
4696 4646 4584
3492 3544 3607
5928 6057 5995
4615 4739 4680
6263 6132 6194
954 1060 868
1290 1239 1359
0 155 78
2060 2008 1958
6815 6733 6680
5243 5181 5111
1012 914 981
3359 3304 3228
6446 6322 6381
439 386 486
1961 1901 1861
97 48 0
6094 6166 6023
2666 2592 2629
2487 2409 2348
3591 3473 3543
1552 1420 1470
1133 1197 1084
268 230 314
2697 2744 2662
6594 6537 6485
1651 1719 1680
3702 3790 3653
4525 4583 4496
5724 5782 5660
2887 2932 2983
4129 4057 4179
