26392
22058 22574 22431
1380 1475 1533
22166 22464 22626
8944 9192 9116
865 1118 1091
4017 3970 3815
191 495 428
9791 10540 10130
22951 23021 23564
15320 15602 15482
10912 11823 11366
11916 12390 12513
9090 9680 9280
1163 1661 1325
22083 22032 22396
12883 13830 13713
13915 14308 14391
7629 7774 8135
4709 4969 4623
17560 17416 18056
3524 4195 3600
9891 9681 9804
18583 18862 19211
15334 15639 15519
25315 26160 26252
6817 6718 6428
10604 11219 10556
3608 4023 3950
11049 11368 10865
14382 15387 15158
2309 2186 1997
16708 16846 16930
8320 8809 8457
11483 11832 12019
18033 18298 18696
1527 1749 1478
4118 3413 3179
2771 3412 2560
8597 8649 8300
12145 12649 12159
4612 4584 4183
10439 11146 10863
13415 14134 13830
23252 23806 23320
19790 20240 20207
4478 4299 4414
17627 17886 18049
16033 17124 17031
16642 16770 17213
18406 18602 19107
19106 19611 19528
3279 4045 3639
11009 11830 10926
12177 12839 12436
4200 4572 4352
6958 6818 6791
24211 24940 24921
8222 8884 8826
1814 2421 2069
7553 7406 7523
12409 13355 12869
6781 6849 6526
10884 11812 11615
18642 19000 19026
6407 6480 6997
12741 13447 13253
21397 21758 21967
3931 3688 3872
9915 10021 10193
1567 1741 1293
19071 19379 19444
1020 976 930
5535 5464 5170
19772 20270 20448
7026 7265 7458
6935 6876 6689
3193 2870 3149
4327 4448 4383
6164 5614 5705
6249 5751 6426
9924 10498 9611
25521 26144 25958
19948 20897 21066
11442 12203 11925
20745 21518 21500
19124 19072 19635
6667 6432 6844
10493 10877 10846
24897 25340 25655
6907 6786 6818
8410 9085 8841
22266 22957 22744
8792 8692 8493
15337 15528 15692
3760 4088 3400
9234 9637 9322
25129 25008 25616
20071 20885 20467
14828 15228 15211
5587 5459 5396
19748 19944 20460
20905 21448 21588
1428 1315 1178
2200 2458 2313
22627 23565 23638
11474 12015 11669
25667 26058 26278
465 486 57
22006 22558 22216
11103 11457 11609
22354 23016 22835
2730 3078 3141
3479 4158 4055
19788 20261 20463
24093 24576 24762
5985 5921 5871
10751 11591 11617
16008 16034 16101
23242 23119 23468
6350 5467 6304
12589 13456 12633
10787 11784 11265
1114 1148 694
19091 19169 19839
8044 8363 8069
4614 4873 4990
17619 17904 17879
5659 5795 5747
22032 22629 22644
16457 16505 17091
19113 19506 19399
18786 19603 19817
24488 24440 24676
4757 4664 4856
19782 19912 20455
22194 22640 22119
9619 10136 10182
17487 17271 17699
16724 17169 16679
1109 1175 1222
7988 8416 8210
12180 12699 12285
7024 6980 6915
7573 7579 7542
20420 20800 21035
2066 1838 1714
18648 19563 19852
13530 14243 13410
8562 8513 8623
7337 7554 7611
12813 13426 13306
13280 14157 13451
14240 15287 15258
21480 21632 21978
4072 3854 3562
18059 18457 18735
23083 23765 23788
17581 17667 17422
11952 12587 12632
19332 19662 20407
2268 2240 1558
10316 11106 10486
5707 6228 6191
11650 12723 12630
19186 19976 20038
4569 4415 4525
15272 15388 15823
25180 25788 26323
18110 18380 18588
22435 22995 23037
9263 9312 9414
1098 1234 1128
19420 20144 20466
8036 7866 8048
6744 6683 6568
6281 6201 5474
17690 17978 18771
16031 16260 16310
2150 2334 2104
22219 22744 22975
9929 9780 9564
5398 5124 5316
19236 19612 20441
13663 13573 13319
25398 25987 25911
7507 7374 7011
12281 13079 13142
14695 15163 15285
1574 1359 1412
15931 16500 16132
18945 19415 19354
1471 1606 1494
8000 7820 8152
11835 12618 12467
9927 10062 9838
14887 15852 15746
19677 20186 19855
22183 22590 22463
9881 10561 10092
6069 5518 6396
6360 6995 6957
18567 18898 19144
16732 16685 16999
1629 2098 2135
7532 7182 7382
16179 17055 17275
10120 10753 10685
1492 1707 1556
17461 17822 18040
1980 2431 2359
15910 16325 16353
11368 12209 11831
8074 8562 8656
14337 15076 15296
6342 6322 6382
6186 6340 5952
18696 19449 19601
22567 22904 23030
20423 20616 20512
9749 10399 9903
58 476 262
12817 13038 12911
20327 20365 21060
20914 21374 21315
3267 3012 3170
23262 23663 23502
12655 13438 13117
23613 24055 24140
9857 9731 10202
14651 15207 14936
14420 14869 15243
2314 2030 2301
4096 4126 3899
5236 5173 5128
13315 13523 13364
413 453 324
24978 25106 25188
10616 11221 10771
22760 23473 23361
1770 2213 2169
19136 19877 20354
5126 5031 4804
9146 9518 9378
20643 21468 21528
19571 20008 20431
18513 19063 18983
21492 21953 21920
10965 11560 11596
24642 25057 24942
13443 14257 13902
19852 20404 20964
2280 1878 2358
5755 5881 5830
13617 14770 14637
1450 1687 1542
6626 6916 6893
17072 17504 17630
11551 12347 12615
4803 4939 4972
8448 9009 8383
23108 23372 23043
16347 16552 17148
20260 20517 20923
21329 22027 21996
23908 24897 24705
4193 4248 3785
5005 4835 4959
1558 1401 1524
9324 10244 10165
18645 18741 19254
23217 23815 23778
1325 1733 1458
18194 18142 18524
13510 13705 13809
23174 23779 23817
6500 6648 6762
565 938 1069
2812 3142 2894
21914 22174 22069
24438 24801 24926
1075 657 600
6585 6972 7003
22522 23019 22989
18978 19586 19732
20378 20273 20982
15132 15729 15659
20412 20480 20850
18613 18554 19269
23765 24204 23872
23156 23617 23739
10382 10614 10791
9256 9655 8842
7362 7603 7658
20603 21532 21281
18370 18649 19294
15062 15751 15807
7195 7751 7244
14716 15350 14976
9871 10099 9935
23490 23976 23921
12233 13392 12993
11029 11494 11067
11143 11725 11151
19841 19758 20421
13984 14755 14038
11129 11272 11332
15527 16191 15971
4502 4337 4272
16747 17873 17989
16421 16957 17248
7936 8076 7832
753 1013 823
6323 5567 5990
17865 17928 18754
17688 17628 17765
4248 4537 4514
3568 3723 3523
15482 16496 16161
25468 25699 26380
9979 11079 10270
13879 14355 14619
15888 16226 16372
274 384 104
16739 17155 16892
16025 16418 16039
1112 822 738
18207 18501 18108
2985 3173 2420
19081 19595 19488
15290 15812 15402
11745 12210 12363
24351 24393 24525
7311 7094 7154
16587 17165 16633
5088 5065 4905
14047 14572 14269
23204 23828 23807
12784 13336 12732
8073 8447 8166
13608 14253 13764
8527 9078 8834
25654 25831 26225
3431 4183 3482
3866 3756 4037
24684 25553 25372
13160 13473 13788
2302 2263 2336
23395 24149 24407
14979 15849 15837
9678 10527 9871
11137 11744 11462
8741 9092 8838
6334 5840 5912
13561 13662 13980
15726 16397 15894
5894 6356 5524
14754 15002 15177
23857 24269 24415
20944 21915 21637
20141 20585 20637
23346 24020 23823
13350 13618 13868
16384 16728 17232
1858 1798 2347
18211 18175 18619
3173 3385 3064
12555 13228 13295
23020 23750 23534
1942 2351 2411
18217 18495 18374
22218 22080 22308
8069 7912 7966
13593 14200 13626
10518 10565 10810
11080 11528 11574
23729 24282 24311
2515 3306 2681
20175 20820 20788
7386 7672 7646
13384 14212 13526
17373 17895 17550
2850 3409 2948
24551 24487 24643
18647 19069 18845
8491 8918 8561
9900 10351 10070
14166 14738 14655
15613 16436 16211
24049 24663 24604
563 9 413
2168 2382 1758
12369 12850 12952
19717 20166 19949
10466 10986 10856
16743 16811 17121
14178 14823 15306
6296 6111 5571
19059 19575 19850
3328 3257 3092
10617 11818 11588
7912 8283 7659
13842 14448 14311
24799 25232 25728
8011 8339 7870
21879 22367 22533
23444 24310 24338
10412 11163 10828
18869 19216 19797
20864 21137 21208
10666 11758 11191
1900 2282 1800
17433 17784 17904
10243 10838 10914
19991 20323 20554
17232 17320 18054
8058 8114 8207
25125 25493 25236
24005 24344 24565
15952 16481 16388
21502 21864 21589
5829 5660 6366
4045 3512 4017
4291 4198 4087
9 512 190
13029 13748 13658
13073 14229 13945
16698 17146 16966
11156 12143 11714
11421 12160 11867
12128 12516 12201
4526 4479 4520
11454 12196 11949
19134 19341 19565
21364 21995 22018
12820 13287 13192
12169 12675 12490
1063 743 1155
4933 5080 4666
20562 21174 21122
19120 19522 19309
7466 7694 7503
4359 4559 4312
9118 9349 9390
5282 5373 5084
13117 13980 13885
3209 3231 2971
2324 3349 2602
9726 9878 9769
16719 16641 17174
17307 17171 17953
24383 24532 24808
2040 2367 1959
21662 22296 22569
10560 11209 10317
14810 15040 14764
14096 14806 14224
23532 24250 24381
16675 16597 17266
15305 15796 15767
2885 3282 3160
2323 2409 2325
22105 22128 22263
9165 9107 9362
7577 7139 7282
22800 23210 23434
23784 24229 24422
23270 23642 23799
3128 3046 2826
23190 23335 23766
14800 15360 15194
18179 18068 18674
12822 12948 13315
25088 25549 25832
24174 24852 24477
20363 20778 21024
16797 17020 16724
10027 10662 10716
23277 23165 23231
7016 6898 6991
1405 1725 1260
13584 14046 13974
6454 6530 7008
17736 18422 18058
24471 24827 24861
2229 2064 2255
24505 25527 25092
21841 22646 22352
22204 22443 22585
1354 1747 1553
17030 17804 18030
13243 13869 13561
20472 21049 21349
1208 1267 1512
21255 21830 22011
22545 23010 23041
14141 14402 14671
8714 8951 8257
16083 17085 16852
10613 10708 10523
11329 11882 11967
9842 9974 9733
16714 17135 16768
23848 23929 24017
24925 25400 25456
3151 3400 2925
21089 21984 21832
8806 9150 9410
5146 5217 5473
977 900 1142
15841 16350 15935
1547 1510 1385
12021 12781 12573
13548 13907 13985
22571 22971 22921
8124 8980 8528
9323 9550 9251
23137 23701 23719
20922 21316 21553
6879 6752 6477
14736 15324 15037
15814 15993 16296
23803 24294 24250
15338 16472 16072
22127 22218 22493
23292 23535 23090
347 423 489
5141 4796 4708
4891 5105 4830
15336 15675 15590
23820 24343 24362
4971 4614 4774
13613 14109 13932
2256 1956 1841
18478 18695 19304
19377 19711 20333
15214 15706 15625
20800 21427 21575
1037 1249 895
5609 6143 6221
11149 11222 11493
12766 12996 13168
18159 18353 18248
3246 3110 2642
21509 21795 22001
22395 22789 22954
2604 2906 2860
11206 12115 11983
20520 21525 21565
7561 7497 7651
11698 12813 12069
9585 9926 9415
21565 22504 22618
16943 17840 17508
14628 15306 15354
6266 5961 6025
15787 16074 16343
25059 25372 24992
9269 9384 9465
18442 18786 19283
13802 14813 14568
9221 9601 9152
13761 14635 14667
6208 6000 5662
11249 12189 11794
25131 25607 25861
8657 9101 8801
16132 17097 17061
15234 15772 15788
9772 10513 9995
16525 16932 16446
15388 16152 16256
3646 3824 3997
20682 21496 21584
10163 11195 10217
22916 23406 23702
12183 12764 12590
19005 19483 19854
7956 8185 8116
5194 5322 5371
24135 24956 24930
25615 26109 26354
23837 24332 24286
9180 9234 9342
8173 9056 8714
20347 20674 20715
17601 17925 17796
19461 20097 19994
13718 14604 14502
14602 15375 15007
9509 10208 10266
13467 14078 13917
2291 2447 2271
8271 9097 8341
5470 5396 5285
22562 22648 23039
8028 8401 7792
615 1084 781
149 268 228
20929 21002 21382
951 1197 1174
14017 14259 14594
5563 5348 5039
14290 15340 14808
7409 7302 7110
18268 18485 18203
20207 20855 20752
664 1263 1047
24598 25307 25538
16848 17462 17929
3276 2655 2720
5955 6412 6093
2469 3375 2991
19733 20200 20240
15759 16375 16322
3272 3203 3047
9809 10375 10023
14073 14533 14467
14934 15824 15843
25074 25538 25692
20106 20551 20596
2953 3328 3115
9921 10172 9517
5134 5122 4950
21756 22618 22019
20942 21215 21541
11879 12258 12323
14546 15382 14720
24248 24620 24938
5037 5115 4967
5607 5438 4991
24283 24957 24785
20880 21487 21440
8051 8219 7708
17632 17546 17589
17539 17919 18003
106 301 376
16799 17221 17733
6310 6254 6060
24504 24916 24897
9246 9678 9036
3989 3942 3228
21425 22005 21865
14175 14784 14351
6230 6277 6349
3832 4142 3274
16988 17368 17466
10989 11413 11539
1725 2159 2193
11092 11827 11109
19537 20121 19904
23691 24118 23969
2422 2943 3124
9467 9829 9967
7228 7048 7409
19792 20838 20998
17823 18269 18787
9194 9452 8989
896 610 552
24835 24958 25497
2110 2396 2360
5063 4755 4528
5145 5013 4881
564 440 148
11112 11664 11229
17404 17720 17853
15254 15483 15554
2560 2608 3175
4425 4596 4492
10539 11052 10746
5793 5706 6126
12085 12555 12605
19631 20251 20390
18218 18503 18556
21214 21538 22006
11290 12050 12010
20776 21504 21483
4848 4713 4936
438 404 468
22310 22983 23003
20893 21094 21580
14820 14915 15272
25003 25448 25577
21173 21891 21988
4662 4907 4986
14171 14663 14537
17973 18403 18451
19027 19537 19700
4137 3560 4086
15163 15844 15309
6355 6372 6423
553 331 456
20390 20442 21045
3684 3997 3925
314 59 351
19602 19842 20123
14575 15249 14895
15653 16113 15848
24318 24949 24845
8900 9485 9187
21514 21676 21947
23345 23072 23276
11398 11929 11897
21467 21971 21681
7579 8038 7907
16492 16979 17257
15099 15565 15846
21946 22484 22513
25116 25467 25414
17341 17587 17276
8783 8610 8814
15996 15950 16363
24724 25511 25811
23296 23832 24177
792 1256 860
20994 21935 21798
7284 7715 7351
21615 22422 22168
4452 4256 4136
7877 8438 8022
3015 2978 3155
4183 3463 3714
9826 10327 10112
5144 5048 4578
23285 23439 23398
20824 21404 21515
1511 1716 1437
3075 3395 3165
2132 2300 2033
11490 11973 11624
3261 2745 2361
21450 21720 22015
712 781 1022
10349 11180 10654
23854 24178 24061
19047 19551 19845
1086 1049 647
8770 8847 8420
4548 4509 4575
16661 17161 16495
21800 22333 22551
22148 22400 22597
23295 23253 23184
4587 4605 4228
18829 19608 19755
24869 25545 25140
20306 20904 20820
5862 6172 6329
23230 23717 23681
8855 9579 8942
2243 1750 1921
18135 18208 18716
6014 6075 6418
24415 24739 24911
22672 23821 23814
17940 18326 18157
21515 22604 22632
11790 12797 12556
22986 23683 23137
17641 18107 18334
11121 11322 11557
9058 9619 8892
7156 7001 7434
9208 9419 9079
5138 5094 4921
4170 3651 3316
16265 17112 17194
5435 5517 5344
3254 3390 3079
8367 8731 8777
7494 7773 7636
6119 6420 5618
3899 3606 3677
11065 11794 10975
3102 2512 3132
16307 16876 16396
5320 5264 5212
4154 4171 3442
20424 20905 21072
9273 10465 10148
7765 8456 7938
11155 11686 11023
15982 16503 16333
924 516 995
518 235 480
1249 1543 1608
25434 25559 26047
8756 8464 8592
13673 14690 14086
3335 3913 4071
8020 8428 8204
8801 9071 8741
22716 23734 23660
2014 2317 2239
2647 2831 3105
25358 26127 26194
22534 23070 23015
21043 21587 21763
9421 10277 9695
10576 11020 10406
22577 23793 23615
502 359 391
15571 16293 16005
25272 26025 26127
22574 22865 22790
17154 17857 17665
24552 25193 25329
14835 15186 14675
12184 13196 12683
17113 17695 17326
19099 19260 19668
18219 18824 19068
7676 8386 7749
531 504 496
15968 16489 16186
11153 11772 11612
25495 25914 26389
7722 8251 7995
12055 12302 12243
10711 11617 11431
20936 21284 21167
16018 16461 16381
3237 2702 3011
20401 20901 20945
12622 13120 13029
16896 17744 18017
25228 25873 26163
21978 22523 22649
23851 24321 24102
2184 1918 2287
6359 6038 5789
2373 2463 2516
20284 20702 20876
21293 22015 21893
9702 10422 9470
4393 4612 4438
10590 11216 10448
11601 12744 12114
12157 12827 12020
18907 19122 19777
12684 13472 12827
17781 18471 18649
25594 26090 26368
15191 15834 15723
8627 9105 8212
19284 20039 20081
7005 6988 6937
5111 4994 4744
3225 3364 2791
24457 24954 24882
1105 701 497
20422 20728 20677
9651 10551 10047
22878 23591 23753
10940 11641 11399
15691 16450 16234
9272 9274 9220
23573 23881 24394
19761 19802 20306
12932 13944 13686
6978 6949 6609
12807 13374 13215
22840 23295 23590
6095 6400 6159
9930 11126 10363
11987 12846 12401
15866 15902 16394
2215 2461 2356
8687 9033 8761
830 565 1165
20034 20871 20899
17513 17927 17973
11497 12083 11999
18743 19303 19829
23858 24704 24934
12521 13409 13284
20844 21251 21412
6849 6573 6727
25101 25270 25042
12823 14237 13596
5361 5453 5421
5925 6427 6278
25672 26172 26089
14517 14959 15119
484 465 546
8853 8770 8685
2088 1994 1881
18325 19044 18797
542 199 294
11464 12176 11756
21131 22021 21722
14454 15368 15066
3383 4107 3845
20940 21346 21245
20234 20754 21012
10822 11706 11299
12981 14180 13967
25547 25744 26339
7567 7626 7655
1288 1438 1356
9024 9665 9403
2312 2129 2220
19901 20645 21054
7520 7649 7061
14119 14819 14431
13573 13789 13849
6707 6961 6650
7841 8150 8095
18599 19024 18939
15436 15853 16276
7114 7765 7560
7975 7999 8179
9908 10445 10209
7805 7956 8198
13950 14493 14179
6543 6936 6869
7071 7736 7481
25571 25951 26004
3047 3405 2756
16222 17038 17272
1115 1575 1223
14787 15110 15138
999 862 1111
10280 10951 10622
3722 3789 3975
25044 25153 25786
8064 8313 8191
23957 24875 24428
5503 5291 5250
22505 22697 22879
1579 2439 1664
24762 25558 25283
12329 13159 13063
10855 11803 11520
13490 14013 13957
2919 2788 3029
10203 10797 10589
9373 10482 9656
13203 14248 13489
1538 1635 1550
25028 25556 25852
12873 12899 12780
20714 20954 21465
22551 22832 23023
18005 18441 18489
23653 24087 24214
6992 6613 6975
12485 13316 13269
7451 7224 7577
14487 15138 14852
18636 18505 19237
3797 3884 3358
8986 9672 9302
9549 10302 10214
14839 15784 15443
17905 18026 18413
11501 12433 12536
6042 6388 6409
19700 20229 20276
13601 14221 13739
23054 23504 23820
18085 18240 18292
1051 1217 963
6142 6297 6251
19654 20211 20165
7480 7437 7594
7543 7467 7625
24486 24772 24829
14674 15385 15227
233 107 9
16556 17001 16588
25635 25654 26303
4601 4378 4469
7431 7339 7201
12107 12475 12624
2689 2560 2469
18278 18933 19178
19502 20069 20373
380 155 442
17194 17764 17825
12713 13258 13234
17270 17912 17375
7257 7526 7316
22470 22934 22650
12447 13464 13090
22213 22541 22638
1678 2454 1614
22557 23004 22698
14156 14795 13989
15021 15436 15358
24484 24929 24734
16612 16905 16542
10074 10914 10864
3960 4067 3750
18541 18968 18892
16688 17071 16811
14228 14716 14133
14771 15269 15094
24952 25428 25757
5599 5417 5448
21709 22258 22609
