26329
8 1 6
1 10 8
14 4 10
10 13 1
18 15 68
12 18 14
9994 10189 10704
7645 7822 7930
4433 4815 4261
10209 9575 10081
2732 3335 3310
15748 16341 16921
11783 11502 12347
2429 2855 3275
2145 1544 2183
7602 7568 8008
15305 15442 15378
16953 18272 18371
7540 7743 7486
5356 5574 5314
9342 9500 9953
3941 4772 4418
2640 3217 2461
17567 18321 18091
23889 25294 24879
14019 14686 14410
3106 3185 3208
16256 16955 17805
22838 24044 24111
12606 13290 13687
20930 21773 22123
12362 12843 13010
12314 12787 13136
2161 3288 3175
21939 22575 23008
11930 12264 13082
5338 5393 5636
6630 6423 7017
3320 3929 3833
21047 21384 22297
19533 20088 20672
7593 7312 7690
4364 4687 4652
5267 5288 5522
18167 18432 19571
3763 3864 3575
24360 26282 25925
8756 8568 9274
19417 19684 20491
15280 15475 15927
1888 2188 2341
20327 20688 21423
4591 5643 5705
600 523 664
13312 13743 13813
16733 16861 17708
7075 7265 7987
18318 18884 19281
23255 24738 24254
16726 17564 17684
2949 3151 3264
1206 815 866
21396 22377 22219
16667 17547 17577
14388 14943 15135
7714 7977 8206
19732 20503 21158
23783 24811 25028
17550 18147 18194
11169 11991 12491
22969 23335 23826
13316 13667 13756
24085 25579 25749
16697 17306 17817
16152 17406 17813
12511 13546 13745
18453 19457 19364
3712 3879 3757
6815 6855 6528
22683 24099 23992
11211 11460 12386
2044 2104 2425
9408 8715 9319
15309 15505 15190
8961 9378 8893
16719 17668 17608
19593 19510 20008
8424 7934 8064
20329 21333 21024
16093 16764 16263
21285 22448 22375
19544 20172 19820
23051 24669 24423
15868 16795 16837
6764 6704 7096
5045 5157 4984
17898 19302 19249
19546 21226 21269
14560 15742 15631
4687 5360 5697
4530 4794 4623
12051 12356 12812
23022 24202 24705
5348 4870 5471
1014 1393 1415
7659 7791 7816
11700 11331 12448
12013 12916 12980
19072 19558 20094
322 670 614
4535 4624 4871
1321 1490 1493
6662 6992 7204
5705 5759 6081
18233 18382 19496
12403 12723 13158
23865 24951 25306
7518 7165 7898
11886 12879 12772
20833 22460 22261
5153 5324 5381
8201 8487 8113
12827 13716 13818
15222 15779 15854
5899 5932 6525
12795 13020 13527
13224 13068 13501
4029 4591 3942
19545 19643 19723
1327 1291 718
8028 8530 8819
16144 16563 17013
973 1476 1318
1967 2317 1882
23346 25392 24992
8461 8539 8613
20724 22494 22197
21527 22895 23206
15358 16857 17031
20199 20979 20674
18519 19131 18675
2158 2213 2416
16857 17761 17967
9143 9000 9624
20686 21480 22241
19397 19938 20404
2058 2330 2443
15446 16176 16029
4388 4836 4342
14459 14386 15122
13957 14991 15129
14823 15661 15771
23320 24510 24594
20647 22283 22483
2762 2540 3292
23332 24539 24499
19911 20732 20948
22712 23825 23591
10217 10211 10261
3797 4719 4128
387 20 579
7620 7660 7575
9553 9822 9983
15945 16612 16993
20961 21847 22464
6726 6827 7144
19690 21293 21389
3670 3934 3891
12388 12590 13146
22120 23273 22484
20332 22513 22280
18060 18672 19529
2925 2703 2890
15085 15010 15752
18481 18530 19437
22408 24154 24025
24748 25851 26068
24133 25481 25947
1917 2259 2438
15289 15561 15240
17669 18958 19143
17459 18192 18127
11794 11581 12262
14079 13951 15113
19645 21281 20724
24808 25970 25622
15986 16045 15932
3848 3892 3778
2109 1593 2153
16131 16808 16860
16712 17435 17771
14365 14861 14490
3027 3353 2989
22978 23788 23468
16464 17200 17133
15894 16451 16597
13282 13325 13794
9174 9421 9556
5634 6047 6241
23978 25265 25098
14930 15793 15806
14607 15728 15880
7165 7535 7956
14860 15769 15868
23569 24857 24795
10638 10940 11549
16628 17375 17271
18022 19276 19389
10213 10156 10726
8103 8207 8161
6828 6881 7333
7493 7767 7860
20041 21079 21188
5379 6304 6202
12375 12164 12887
21449 23040 23256
5924 6138 6339
20152 21330 21357
19107 19461 19576
19769 21051 21243
18494 19350 19180
24036 26258 26126
19141 20295 20332
23839 25474 25412
530 659 20
16103 16381 16437
4125 4557 4491
8343 8096 8871
9355 8804 9591
2257 3112 3299
11487 11104 12327
4541 5648 5679
355 632 597
18752 19803 20666
6782 6332 7278
20522 22116 21698
17541 18023 18557
4340 4868 4525
5870 6326 6163
15811 16635 16940
1266 906 1344
10137 9704 10384
9961 9784 10712
12087 12516 13100
20866 22360 22149
5105 5656 5584
8881 9144 8992
15528 16854 16902
18403 18762 19310
9225 9355 9732
17305 18378 18552
13924 14742 14243
23103 24332 24381
17556 18335 18577
9461 9925 10568
2504 2664 3192
20607 22422 22339
18512 19194 19513
16757 18124 18465
14353 14309 14646
11771 11543 12503
10984 11810 12367
3595 3497 3925
20291 21241 21440
12889 13777 13597
3730 3644 3863
21375 22323 22418
11635 11243 11664
21406 23280 23166
11245 11374 12285
13033 13791 13474
16043 16537 16970
21678 23065 22678
7581 7874 7915
13134 13520 13551
8470 8444 8380
22814 23924 23773
9202 9109 9873
17150 18170 18345
519 167 327
22363 23891 23655
12209 12554 12920
23527 25081 25281
22080 23257 22915
8139 8300 8886
22943 23670 23556
18958 20448 19915
22862 24086 24055
14510 15624 15568
4061 4174 4765
15056 15105 15908
8065 8134 8015
19500 19906 20463
23226 24750 24639
2155 2236 2266
19299 20359 20637
10118 10101 10421
21488 23245 22948
17530 18100 18544
9266 9298 9040
24768 26094 26038
20991 21953 22452
19469 19969 20137
15255 15804 15708
9311 8926 9520
2151 2401 1956
19269 19839 20179
3850 4375 4681
15920 16089 16170
24515 25627 25718
6862 6467 6711
4093 4522 4037
9508 10208 10304
18340 18804 19459
19842 20597 20774
15714 15953 16982
11759 11197 12404
20302 21194 21413
22 551 250
13553 13802 15052
3452 3828 3371
24317 26121 25508
13292 13767 13635
19598 21210 21461
10507 10455 10834
16739 17236 17514
23811 25120 25409
10867 10750 11321
21361 22393 22408
12411 12893 12650
14184 14048 15038
14313 14997 15103
22925 24123 23745
1712 2389 2212
16745 17590 17546
14400 14459 14969
7810 8459 8540
24226 26169 25879
9413 10176 10032
6052 6251 6308
10170 9663 10718
2900 2964 3134
10805 10861 11510
6102 6212 5856
15311 16723 17003
3044 3065 2923
10096 10129 10524
8668 9328 9854
23283 24442 24689
12296 12397 12606
21313 21526 22326
16807 17965 18290
2847 3089 3155
7396 7466 7653
4776 5478 5688
19350 20339 20654
23296 24289 24701
2819 3313 3112
12398 12625 12851
17115 17996 18572
6124 6973 7236
9810 10073 10733
5774 6188 6390
1990 2342 1749
18878 20489 19962
16117 15806 15981
21392 22173 22351
7653 7501 7879
2702 2928 3305
22957 23710 23916
15026 15797 15840
18998 20198 20615
14896 15311 15917
486 214 290
2467 2999 2561
13059 13115 13575
13085 13801 13718
16005 16219 16766
4980 5111 4891
21565 22935 23186
20276 21157 21447
5324 5616 5072
19542 20030 20670
14381 13902 14874
10771 10719 11133
20241 21326 21060
21148 21698 21468
21990 23089 23145
5991 5713 6122
1329 1642 2453
23126 24624 24121
11837 12477 13113
8712 9524 8943
3410 3914 3798
5378 5018 5545
8840 9487 9136
7664 7600 7967
12762 13250 13829
22981 24647 24564
9358 8762 9891
12463 13684 13446
20220 21304 21317
22451 23988 23852
7286 7807 7616
244 617 657
21300 22342 21738
23241 24709 24298
5223 5450 4938
7637 7215 7726
6170 7048 7298
22122 24144 24009
24009 25039 25255
10935 11868 11570
1156 1432 768
20478 21335 22427
5470 6084 6276
22271 23750 24040
14409 15345 15659
9352 9515 9758
22621 23628 23685
24439 26291 25902
24788 26315 26135
3095 2404 3067
23339 24597 24166
2085 2398 2317
11124 11720 11881
23211 24406 24674
3692 3723 3877
10883 10809 11291
7360 7887 7438
9039 9240 9706
22172 23435 23716
543 389 119
1249 1078 1166
23442 25158 24918
610 768 1052
6799 7101 7251
6874 7094 7288
5369 5652 5565
5740 6010 5948
14742 15193 15823
14324 14562 14816
12257 12906 13125
24400 26225 25587
17039 17929 18227
10074 10039 10174
22318 24138 23955
10188 10213 10666
13006 13431 13210
11032 12037 12060
16205 16781 16123
15239 15058 15929
2573 2497 3090
23149 24370 24533
14162 14000 14784
3844 3788 3321
17564 17670 17918
10858 10214 11350
2874 2818 3238
709 1156 1198
14108 14594 13831
2160 1495 1553
14279 14917 15092
10830 10999 11065
22975 23485 23874
13597 14529 14369
550 1371 1508
1751 2043 2457
13263 13589 13670
4184 4866 4083
22884 24131 23895
10461 10780 10994
16384 17461 17789
2539 2780 2854
14373 14715 14450
10580 10959 10877
15405 16588 16790
20100 21319 21294
21714 23157 22879
540 647 426
12919 13491 13827
20898 22020 22095
16705 17000 17438
11539 11006 12436
6112 6295 6448
20176 21176 21402
4315 4863 4591
1825 2133 2091
8322 8520 8649
6875 7430 8014
23962 25196 24707
23170 24724 24657
19325 20476 20646
19524 20497 20517
24875 26272 25414
22116 22765 22721
13301 13207 13617
22790 24112 24059
7665 8499 8891
6873 6952 7325
10320 10688 11260
9769 10087 10494
24884 26147 25463
21100 22221 21566
1324 950 1435
21213 22523 22363
16124 16843 16309
71 579 560
441 119 483
9357 9073 9229
18383 19439 19567
15781 15905 17020
9335 9508 9444
13371 14095 14157
16998 18234 17869
17356 18290 18484
10875 11003 10957
22559 23858 23376
9643 10195 10344
2790 3168 2736
24032 24996 25225
11403 11056 11919
8922 9401 9966
21353 21810 22387
18521 18718 19552
11972 12861 13039
11613 11922 12306
22111 23197 22979
15273 15535 15420
10271 10583 11561
20261 21018 21127
12183 12114 12691
17277 18253 18443
18421 18481 19104
4498 4656 4173
5246 5551 5620
10840 10621 11166
17420 18307 18260
15110 15583 15890
15487 16821 16396
1045 993 1535
4451 3941 4832
23269 24246 24340
19435 20378 20603
6215 6906 7265
15285 15756 15789
11657 11895 11799
2129 1902 1652
800 1260 915
21074 22146 22398
16750 17602 17633
17378 18375 18011
22104 23179 23278
11821 11750 12512
11805 12100 12125
1469 2009 2432
16584 17529 17730
5670 6232 6511
3985 4259 4299
8300 8172 8838
6118 5890 5808
8409 8356 8851
21381 21615 22175
7430 7392 7533
11832 12023 12510
13990 14423 14327
18362 19452 19574
13639 14793 15008
6925 6738 6837
2120 2383 1841
10415 11005 10919
17983 19327 19542
22738 23533 23329
4512 3991 4811
21785 22722 23267
1074 1415 1370
11373 12008 11754
21233 21432 22475
23945 24761 25163
10221 10655 11425
11679 11417 12093
4519 4413 3990
16300 17271 17315
10878 10498 10734
10791 10409 11524
18438 19409 18854
4290 4450 4881
5555 5665 6490
10546 10921 11375
14995 15801 15600
24868 26242 26082
3621 3451 3682
9112 8667 9908
5374 5662 5498
9359 9745 10687
19036 19601 20668
6867 6510 7317
5807 6318 6518
18097 19460 18810
24582 26299 25831
21884 23215 23240
11460 12078 12210
16537 17486 17818
20330 20900 21452
3118 2892 3319
16424 17578 17226
23191 24157 24210
16072 16701 17026
20382 22242 21612
1282 1462 1008
11079 11688 12026
13787 14955 14024
8799 9455 9403
19978 20550 20909
2097 2353 2386
1328 671 1292
17808 18626 18766
11513 11151 12498
18618 20317 19674
23719 25414 25331
15568 16481 16560
17518 18371 18516
23079 24690 24061
16138 16849 16736
13464 14494 14927
3089 3324 2956
19485 20414 20297
9686 10016 10219
21124 22504 21892
6597 7106 7187
14654 15679 15931
2608 3033 2511
5595 6111 6501
16151 16859 16814
7248 7717 7977
9728 10200 10730
10885 12087 12483
2671 3132 2778
13111 13796 13412
6856 6551 6916
14395 14817 15023
15265 15150 15899
13157 13649 13807
15840 16510 16703
24614 25931 26117
22060 23283 23224
7901 8474 8294
18523 18995 18579
22527 24148 23423
1634 1734 1920
23396 25464 25354
21193 21657 21816
10154 9526 10615
23345 24570 24461
13509 14930 15080
16148 16744 16882
14335 14768 14200
12413 13755 13732
12234 12815 12561
3365 3905 3712
24034 25479 25391
22038 22855 23067
8573 9440 9183
22590 23385 24051
12978 13363 13160
15966 16000 16668
19538 19725 20626
16905 18358 17819
21387 21736 22470
11716 11946 12460
3173 3609 3933
3561 3403 3735
12649 13701 13776
23910 25435 25374
14963 15604 15685
6301 7073 6796
7856 8547 8502
15644 15856 17035
9890 9621 10585
5075 5663 5028
4862 5664 5239
18572 20223 20576
12154 12691 12513
2990 3232 3285
10220 10057 10696
1290 1493 1475
5839 6328 6365
21172 21919 21778
4820 5527 5670
19806 20775 20870
1130 1322 1522
6343 7084 7120
11745 11655 12183
10849 10263 11198
19374 19764 19625
1513 1975 1701
5287 5065 5444
3112 3261 3317
5129 5503 5350
10205 9891 10677
15183 15713 15731
3792 3745 3939
888 1348 1547
6088 5971 6432
8277 8404 8861
3490 3534 3612
19452 20000 20219
20312 20643 21465
1857 2303 2364
7027 7881 7760
14223 14984 14069
505 665 72
8448 8426 8685
24549 26322 25986
9001 9177 9088
3059 3345 3224
9320 9519 9362
4640 4920 5661
7208 7115 7841
8473 9037 9652
5014 5659 5277
20010 21106 21374
3785 3699 3917
20798 22435 22066
10194 10183 10128
13891 14876 14846
21326 22199 22458
16207 16910 17477
1378 2162 2448
7324 7851 8002
23928 25323 24751
162 70 208
18467 19099 19478
844 1447 1132
14048 14841 13977
21368 22483 22034
14297 14348 14751
3795 3922 3537
7122 7837 7995
284 461 537
10667 10312 11100
6838 6930 6667
10695 10361 11473
21641 23265 22631
23648 25456 24955
18795 20396 19868
9328 8618 9939
10722 10986 10784
10884 10975 11400
15159 15272 15498
22014 22624 22534
24724 26207 25806
21603 22673 23274
6872 6629 6877
18837 19874 19772
22118 23231 22803
3777 3939 3648
16059 16832 16957
21819 23135 23094
6259 7111 6754
14241 14185 15066
10179 9857 10458
16754 17341 17659
15307 15379 15140
4239 4131 4455
1673 2364 2122
14204 14975 14949
22492 24069 23624
3083 2624 3314
17570 19031 18898
931 1486 668
12347 12659 12732
11814 12059 12236
204 260 645
5968 6283 5903
2389 2451 2817
5425 6312 5712
12949 13785 13257
13314 13799 13801
22905 23956 23936
13202 13568 13653
17247 18348 18569
6032 6323 5760
1182 861 1094
9246 8845 9925
11731 11840 12508
17505 17892 18530
24860 25766 25654
18525 20501 20559
16083 16679 16217
24477 25530 26054
16502 17043 17398
464 425 630
22652 24019 23513
24272 26067 26103
21750 22814 23120
12408 12214 13159
4155 4299 4380
13715 14228 14902
8173 8564 8338
16110 16416 16519
22222 23581 23280
24880 25809 26093
11279 12069 12472
9347 9209 9784
2970 3201 2693
12559 13630 13823
17492 17849 18396
13677 13852 14683
1298 721 1262
7562 7864 7339
24698 25891 25967
17331 17716 18055
10748 10882 11537
10819 10836 11030
24672 26189 25856
11836 11619 11842
10368 10995 11449
1594 1862 2406
17717 18579 19024
1424 2074 2025
6978 7352 7789
23610 25471 25063
537 493 396
756 1494 1393
21400 22303 21854
8394 8510 8463
9598 10115 10629
3525 3574 3457
18292 19425 19216
8378 8058 8250
17941 18845 18941
3223 3767 3499
18664 20059 20370
22764 24151 23800
13857 15003 14608
23994 25233 25131
8623 9522 9978
20072 20940 21457
18709 20145 20590
6529 7061 6985
24644 26008 25779
17183 18049 18561
24849 26307 25549
13317 14270 14113
4524 4486 4888
15679 16657 16478
660 1119 1231
13822 15007 14285
1313 1227 1455
14137 14904 14718
4904 5247 5651
11590 12094 11956
9850 10204 10547
3896 4337 4217
1790 1940 2459
24180 25721 25686
12331 12438 13063
17477 17805 18161
1943 1688 1991
2137 2374 1796
3272 3847 3817
10051 9958 10655
23308 24477 24620
16202 16133 16633
2029 1779 2292
6847 6590 7044
10201 10167 10722
8362 8270 8798
10025 10143 10600
17215 18075 18575
5947 5806 5992
21020 22085 21517
11313 11780 11709
4538 4217 4846
21852 22525 22581
20324 21313 20822
21253 22472 22436
1100 1035 963
8253 7888 8721
12690 13610 13766
6382 7113 6575
22980 23285 23974
23485 25370 25396
13751 14625 13881
6746 6768 7070
2302 2742 3016
10609 10902 11229
20565 22263 21929
21335 21987 21656
6493 6378 7220
7463 7689 7389
24836 26036 26004
23751 25477 25194
13418 14140 13929
24022 24905 24837
4411 4860 4738
11565 12110 11617
16606 17613 17086
14405 14966 14569
4212 4746 4787
24822 25675 26021
8523 9271 9679
20430 22520 21966
21965 22975 23036
117 303 455
549 601 511
11343 11287 11991
10881 10541 11492
22097 23014 22764
23685 25347 25384
19175 20272 20539
5200 4970 5603
14261 14890 14530
20320 21268 21338
11432 12105 12511
14460 15233 15923
16343 17084 17180
9298 8886 9482
6421 7030 6621
19513 20248 20662
1554 1822 1603
16648 17509 17751
5177 5631 5415
7763 8240 8577
17440 18365 18501
6457 6667 7166
14344 14656 14989
15606 16260 16076
413 668 362
15204 15786 15535
20331 21255 21432
9285 8963 9809
16683 17123 17038
13244 13730 13376
2012 2394 2057
18504 19249 19065
11827 11970 12420
6928 7631 7943
21912 23112 22841
17620 19371 19412
3123 3672 3848
4943 5422 5200
12122 12755 13155
3647 3808 3415
13366 12923 13299
2211 3275 2606
16024 16301 16352
21404 22408 22313
17077 18214 18565
6122 5849 6037
15135 15697 15335
12859 12972 13338
3009 3301 3041
12727 13161 13830
18201 18921 18983
4732 5595 5159
6012 6330 6411
6071 6163 6463
14701 15411 15288
19945 20817 20986
13180 13461 13785
21269 22053 22444
18132 19066 19561
17853 19222 18721
7989 8558 8879
6694 7011 6951
9927 9987 10642
6564 6798 7308
546 346 165
2072 2282 2240
5514 6268 6478
20127 20859 21216
20762 21884 22001
4468 4086 4859
3747 3355 3905
18918 20463 20051
7945 8020 8751
3073 2583 3251
18263 19390 19338
19239 20117 20434
17561 17621 18420
9077 9473 9833
8228 8329 8422
13310 13397 13703
17399 18381 18318
11834 12048 12154
4484 4039 4710
17763 19163 18627
4265 4850 4558
14783 15643 15461
19877 21133 21094
19207 20431 20258
21344 21571 22480
12277 12314 12950
8438 8382 8775
5306 5202 5116
2346 3247 2650
1229 1193 817
16561 17164 17357
