32716
1390 1333 1268
8666 8721 8605
24651 24545 24479
18397 18182 18119
10839 10464 10563
28395 28322 28675
50 249 114
31605 31435 31682
6079 5881 6034
27010 26742 26861
18354 18059 18260
31705 31485 31782
10790 10603 10513
5859 6046 5909
30928 30568 30653
8028 7850 7965
9817 9464 9682
6977 7036 7078
9646 9400 9724
4750 4645 5036
12315 12128 12069
30663 30612 30560
16715 16369 16526
29754 29304 29658
20533 20132 20188
24503 24673 24617
3630 3735 3216
29586 29526 29456
3267 3653 3786
3073 3569 3666
0 115 64
3313 3117 3496
26097 25715 25786
30886 30387 30827
23846 23463 23563
13299 13024 13374
29348 29480 29411
3451 3526 3866
3220 3483 3746
12044 11953 12109
28539 28408 28470
11899 11714 12024
12183 12043 11975
5081 4884 4819
19466 19010 19234
26678 26610 26771
30567 30292 30512
7147 6997 6908
26824 26512 26582
29714 29157 29578
1945 2050 2016
12810 12243 12419
7734 7156 7230
12610 12313 12455
12900 12476 12527
22297 22265 22151
29938 30069 30212
6344 6230 6294
17576 17726 17641
31077 31228 31371
1914 1669 1621
26328 26398 26192
21157 20447 20573
7616 7301 7490
10968 11064 10883
27927 27660 27882
8113 8326 8158
21049 20411 20910
14840 14917 14607
27998 27867 27953
31555 31335 31632
9016 9327 8931
1542 2136 1795
31468 30776 31147
10459 10192 10276
4027 3928 4415
23074 22904 23173
31655 31385 31582
11679 11349 10921
27852 27894 28144
13735 13776 13673
25313 24714 25016
27304 26935 27439
13508 13922 14105
6159 6395 6551
7412 7118 7459
5416 5018 5362
4409 3893 3975
31905 31685 31532
29040 29072 28975
689 883 844
18123 17376 17923
17113 16799 16853
944 483 978
15485 14560 14852
11382 11228 11442
824 962 656
24067 23866 24249
17855 17803 17978
2037 1600 1441
31334 31115 31177
25033 24901 25377
8149 8190 8225
26451 26044 26391
15460 14631 15242
25145 25264 25087
28941 28909 29140
8255 7974 8090
8319 8248 8377
997 795 514
15129 15006 15347
6639 6196 6260
11218 11289 10957
20144 19224 19792
5543 5323 5224
2199 1960 1656
9379 9187 9339
29237 28812 28902
16985 16766 17161
10044 9774 9844
15099 15147 15269
11318 11163 11200
18900 18221 18757
13967 13836 13801
22546 21846 22332
31416 30951 30908
31272 31201 31234
12956 12848 12877
20647 20337 20747
4133 4372 4044
29071 28450 28790
12746 12172 12701
4491 4091 3940
17952 17576 18004
11624 11259 11658
10344 10162 10025
22103 22008 22057
15331 15092 14716
10282 10333 10385
22926 23156 23374
1751 1834 2133
19833 19791 19956
26423 26342 26154
26362 26081 26421
856 370 439
11114 11491 11029
25491 24969 25405
18013 17752 17864
22234 22189 22438
5513 5356 5631
6039 5966 6111
18211 17962 18302
3875 3350 3451
31855 31635 31482
29540 29107 29367
16798 16418 16663
17384 17097 17312
16668 16502 16622
24553 24315 24381
1123 1375 1173
8804 8881 8561
24915 24456 24659
19239 18963 19147
2415 2536 2468
22804 22578 22638
5996 5924 5864
26056 25670 25957
20573 19990 20328
29672 29207 29618
11948 11812 11877
3122 3007 3068
30617 30433 30699
10886 10736 10798
8936 8496 8648
8893 8447 8514
4850 4791 4953
14560 14280 14359
11997 11906 11827
8569 8765 8813
7981 7806 7917
25845 25335 25997
20353 20259 20417
26178 25968 26076
24746 24825 24701
25660 25802 25875
26966 26561 26904
17426 17185 17358
21554 21182 21261
25973 25759 25644
31805 31535 31732
144 331 20
26776 26824 26679
3673 3057 3118
5954 6007 5808
10692 10511 10754
3836 3395 3312
24955 24631 24574
19288 19102 19356
21850 21132 21361
31955 31779 31832
19655 19262 19617
21184 20716 20781
11566 10963 11297
19506 19300 19581
20748 20299 20608
30248 30013 30345
5237 5542 5188
14124 13426 13973
11042 11319 11526
32312 32194 32240
24377 23766 24025
19042 18773 18959
7265 7601 7158
28152 27925 27846
14047 13460 13946
2894 2843 2946
6518 6458 6660
7584 7429 7331
23347 23036 23399
10008 10221 9882
19728 19446 19860
6580 6544 6634
17983 17411 17951
32091 31898 32271
27131 27037 27294
11595 11464 10993
5601 5389 5426
27459 27246 27384
1718 2163 1924
25433 25095 25348
723 661 786
28793 28878 29253
10313 10062 10412
2627 2721 2673
20088 19673 19826
15159 14596 15215
30035 29605 30295
23924 23623 24115
29901 29861 29812
16273 16110 15981
23110 23003 23348
9192 9092 9139
21021 20588 21074
17920 17479 17540
22471 21636 21985
27236 27190 27060
19998 19374 20090
23038 23184 23235
21964 21709 22021
28207 27770 27918
2120 2079 1955
18810 18493 18379
11733 10892 11098
2699 2871 2816
6550 6085 6396
6197 6487 6328
21926 21879 21797
4570 3996 4524
16211 16243 16170
31362 31254 31317
17613 17266 17802
5449 5653 5605
2734 2783 2883
29793 30175 30120
11149 10856 11607
31442 31145 31085
2147 2190 2104
19582 19762 19434
16493 15862 16308
19868 19916 20064
29211 28939 28714
5310 5484 5395
15189 14666 14916
14099 13685 14130
23438 22836 22966
12539 12346 12491
14021 13950 13563
10216 9993 10123
4352 4320 4600
19544 19611 19723
22963 22800 22894
7302 7266 7655
2590 2655 2915
23996 24048 24299
16243 15796 16198
29971 29643 30182
5163 5213 5459
14941 14887 15100
20781 20863 20643
26478 26184 26229
27337 26900 27230
2768 2924 2636
7376 7516 7428
27167 26970 27413
5682 5138 5294
13059 12379 12960
1649 2021 1726
23495 23235 23294
21889 22130 22360
15006 15174 14570
23708 23372 23612
21407 21468 21758
20450 20087 20236
19422 19184 19316
1349 1291 1399
3497 3213 3360
14266 14322 14404
28632 28486 28426
17337 17142 17263
14466 14099 14531
23757 23504 23660
25801 25434 25916
26727 26657 26817
2464 2400 2517
19191 19056 19274
13249 12975 13203
18309 18011 18217
12228 12087 12152
15784 15381 15524
31755 31585 31959
24602 24410 24527
32049 31822 31876
3542 3816 3406
21457 21232 21636
29446 29351 29496
10642 10557 10842
21357 21555 21410
3172 3439 3583
24790 24590 24743
18261 18102 18168
9857 9563 9765
30467 30698 30412
14514 14146 14219
13199 13283 13107
14416 14365 14169
16758 16460 16576
13469 13206 13157
21688 21082 21458
2549 2495 2426
6930 7077 6996
25610 25482 26115
9777 9656 9505
9694 9610 9553
15740 15429 15697
5123 4929 5076
30799 30479 30867
29492 29438 29320
319 69 203
1173 1245 1126
97 20 158
16113 15694 16047
20169 19733 19892
11508 10928 11553
32477 32277 32036
7551 7399 7603
6451 6363 6188
32504 32133 32209
15037 15120 15158
28180 27981 27810
8567 8439 8492
512 936 403
27890 27803 28171
20681 20777 21151
22137 21912 22387
30003 29719 30056
10405 9851 10058
23216 22764 23322
6308 6123 6492
27429 27218 26985
24135 23962 24170
26558 26311 26359
26256 26151 26296
14768 14947 15040
17822 17446 17608
13994 13591 13526
13910 13526 14079
17789 17698 17833
2224 1490 1585
30067 29925 30023
4622 3962 4009
14909 14763 15009
27399 27274 27324
23408 22728 23265
32277 31861 32331
24032 23930 24087
16415 15762 16141
1430 1991 2046
8978 9124 8893
23467 22870 22930
16388 15959 15915
22328 22214 22182
17273 16895 16819
32240 32302 32145
17197 16621 16744
20993 20375 20713
5274 5453 5519
20846 20553 20967
9225 8994 9312
9972 10096 10155
15358 14732 14978
16913 16732 16782
6486 6264 6521
23145 23210 23107
31111 30847 31262
14804 14977 15070
15303 14857 14680
12982 12539 12269
15898 16218 15810
13008 12687 12633
18779 18462 18692
11350 11517 11580
4063 4121 4238
16147 15990 16413
32203 32163 32111
1684 1564 1986
18987 18669 18591
30190 30124 29736
24168 23585 23895
5346 5250 5152
12840 12873 12905
31303 31051 31396
1976 1802 2245
30969 31082 31018
31209 30917 31116
11285 11543 11132
19068 18798 18931
13938 13894 13741
887 729 365
620 987 953
23251 23067 22818
11414 11097 11356
13584 14002 13772
25282 25065 25120
3914 4448 4497
18748 18399 18341
4381 4210 4471
19692 19410 19545
1784 1898 2191
17722 17340 17895
32382 32070 32445
6749 6651 6362
9409 9028 9365
28234 27734 28053
1579 2216 2075
6234 6571 6150
26677 26460 26578
10486 10129 10247
16331 16139 16281
7676 7193 7396
4596 4423 4357
7063 6864 6950
12137 11860 11777
22849 22348 22730
3715 3612 3168
5908 5771 5989
28671 28186 28596
23802 23545 23701
8848 8544 8774
5038 4743 4865
21772 21379 21311
24994 24217 24784
24834 24363 24430
14366 14191 14267
15645 15471 15573
22758 22445 22685
21600 21426 21506
14650 14050 14315
12272 11998 12192
27673 27441 27731
25710 25886 25596
32004 31735 31920
9736 9812 9596
26872 26700 26946
8071 7894 8012
28494 28365 28636
21730 21596 21677
8619 8678 8733
19378 19144 19192
25931 25844 25739
25888 25577 25500
1222 1158 1357
28445 28525 28381
28754 28277 28555
15597 15512 15656
13430 13166 13333
4948 4837 4770
26920 26462 26631
23658 23420 23742
8759 8634 8690
8713 8589 8854
28587 28138 28514
30754 30655 30608
29632 29396 29538
26138 25928 26037
7933 8012 7868
3405 3305 3625
30709 30242 30462
13389 13072 13292
190 289 245
7187 6911 6865
15218 14826 14644
9349 8843 9284
5707 5421 5328
4437 4346 4078
28831 28709 29226
20814 20747 21048
18717 18297 18417
548 855 725
25545 25289 25188
20194 19818 19758
4098 4060 4208
6697 6598 6736
14732 14794 15129
4294 4398 4146
4201 4152 4386
30385 29757 29921
12356 12570 12821
25374 25155 25052
31241 30882 30983
11759 11594 11385
11477 11378 11064
15275 14700 14751
1468 1866 1513
7227 7335 7520
31144 30986 31052
26393 26217 26263
4167 4473 4443
29313 28996 28939
16302 16167 16254
11652 10997 11265
12679 12412 12850
18652 18696 18847
2066 1415 1549
16518 15927 16335
19967 19516 19653
30277 30041 29990
18585 18431 18875
22170 22100 22272
17755 17668 17706
2924 2688 2745
9160 8805 9200
19903 19847 20011
28093 27835 28021
18685 18259 18903
15935 15728 16387
24293 24103 23962
23284 22617 23424
9934 10028 10359
29158 28566 29046
9437 9246 9108
360 446 900
25462 24866 25287
22496 22240 22089
17888 17608 17435
16620 16368 15737
17169 17039 17134
16837 16925 16987
19619 19481 19688
10079 10307 10187
16044 15625 16079
12870 12716 12987
15435 15225 15187
17223 16583 17106
15247 15200 14819
32557 32223 32177
4518 4028 4298
1882 2108 2162
4464 4238 4268
2801 2753 2598
10432 10385 9919
14073 13357 13889
2007 1736 2297
17502 17853 18030
25344 25211 25254
12431 12630 12231
12713 12768 12933
25250 25183 24979
757 827 871
18512 18333 18819
13698 13322 13489
23181 22937 23001
30305 29567 30268
22888 22970 23072
12645 12822 12307
16875 16984 16922
18870 18144 18522
18042 17638 17674
4264 3856 3905
12504 12796 12667
7448 7573 7264
5628 5600 5657
20935 20806 20847
15068 14447 14884
20028 19548 19984
22036 21744 21835
28030 27955 28083
22070 21944 22413
2093 1527 1477
14149 13392 13637
20906 20685 20537
6120 5836 5950
25756 25530 25828
14606 14236 14492
13347 13120 13249
20402 20039 20459
3359 3165 3826
28715 28232 28335
1266 1203 1312
9598 9513 9456
20303 20176 20372
15693 15551 15615
3796 3260 3706
3754 3694 3264
10741 10693 10613
3587 3776 3540
20493 20219 20283
29397 29256 29697
21644 21513 21594
19334 18916 19098
22613 22397 22774
1309 1109 1221
10592 10778 10659
16621 16543 16702
10927 10649 10708
27811 27579 27643
26015 25624 25691
27053 26782 26726
2507 2450 2559
4899 4695 4996
4994 5056 4909
24699 24267 24865
22663 22490 22544
27766 27535 27688
4800 4974 4721
12091 11764 11926
14316 14406 14451
30517 30340 30743
27721 27489 27584
24875 24501 24825
7105 6768 7038
26217 25385 25548
6883 6817 7119
22711 22534 22592
276 209 326
234 165 286
21811 21331 21551
9549 9696 9639
7020 6955 6817
30843 30524 30786
21506 21282 21718
18840 18722 18789
8378 8274 8318
2663 2582 2710
13660 13245 14000
1850 2266 2218
14199 13493 13600
30099 29984 30151
20612 20653 20995
971 408 927
24232 23800 24197
17051 17010 16956
17143 16863 17078
13622 13976 13451
916 591 691
23316 22692 23206
2834 2899 2977
10374 10279 10332
9090 9155 9228
24201 23833 24274
6724 6625 6428
30219 29831 29885
12468 12600 12345
16442 15895 15948
5573 5176 5115
29185 28845 29080
9464 9273 9075
7483 7230 7195
12394 12742 12563
11706 10819 11327
25071 24935 25154
6380 6426 6073
398 555 477
16360 16021 15846
9319 9060 9005
23522 23097 23139
7706 7368 7549
18619 18367 18452
1505 1453 1892
1817 1769 1860
31042 31173 31205
18436 18584 18487
15972 15829 16014
13878 13623 13708
18474 18555 18725
11252 11407 11633
24322 23992 24143
2953 2815 2849
12929 12508 12792
28123 27622 27988
5201 5571 5260
18929 18524 18557
20964 20891 20501
26584 26369 26329
30333 30150 30241
18958 18613 18659
32166 31970 32362
21130 20483 20678
29288 28744 28865
20058 19873 19508
16079 15660 16226
26505 26007 26543
27202 27069 27023
28061 28006 28114
9257 9218 9170
5381 5287 5489
28976 28674 29198
11537 11196 11233
21076 20835 21126
26291 26249 26449
28868 28778 29011
17650 17512 17574
19798 19337 19924
7517 7458 7298
7646 7487 7364
32347 32102 32302
26610 26280 26502
8185 8300 8347
18549 18641 18985
31007 30740 31290
22388 22160 21873
23001 22655 22856
8434 8056 8288
22266 21778 22302
30360 29794 30320
7339 7545 7577
31177 31019 30946
18097 17828 17505
20877 20916 21022
24350 23898 23823
14224 13559 13918
17686 17778 17470
11184 11130 11498
32446 32004 32391
10511 9736 10091
27542 27161 27263
2173 1929 1828
17539 17303 17739
21210 20518 20815
15385 15035 15321
8461 8126 8192
29101 28602 28828
12779 12208 12733
24102 24154 24223
29130 29047 29169
20116 19642 20038
21103 20621 20939
10114 10360 9955
9288 8920 9256
17019 16696 16889
655 695 586
25404 24789 25457
8407 8158 8054
13546 13806 13860
13809 13654 14053
4544 4266 4178
11446 11569 11414
18070 17544 17397
436 762 814
25108 24752 25221
2865 2620 2782
27270 27004 27129
29830 29892 29955
8221 8093 8256
474 518 621
13772 13716 13830
22202 21976 21911
24403 23660 23785
22358 21812 22212
19015 18823 18625
31389 30812 31344
14174 13866 14027
9896 9958 10304
584 910 756
25518 25034 24904
3990 4181 4575
10148 9923 9990
27489 27131 27095
24263 24076 23859
5481 5513 5547
13034 12444 12763
1614 1703 1761
791 626 550
6271 6330 6607
10249 9888 9806
25182 25125 25318
9054 9300 8968
22001 22040 21948
26532 26117 26476
2249 1635 1691
25217 25001 24942
21260 21010 21241
8535 8376 8504
6837 6723 6686
1023 1097 1073
15576 15316 15510
1096 1067 1110
2320 2241 2345
6856 6755 6783
6797 6677 6711
28305 28115 28247
4694 4548 4625
1081 1053 1028
24454 24180 24365
32675 32408 32538
18173 17926 18108
7843 7626 7790
15551 15297 15397
5800 5701 5854
15510 15275 15372
24472 24130 24349
27605 27431 27570
13186 12964 13013
7784 7712 7748
27586 27327 27465
13172 12898 13096
2376 2310 2404
28325 28055 28197
21236 21071 21101
11827 11687 11708
19160 18848 19056
4734 4571 4688
2341 2360 2379
10552 10440 10461
18148 17947 18095
28381 28031 28291
27621 27388 27532
13155 12933 13063
25598 25314 25484
26636 26427 26568
32608 32445 32420
8487 8420 8450
10581 10426 10498
2297 2374 2272
17298 17064 17238
23569 23338 23449
31536 31305 31442
28345 28127 28270
28365 28088 28222
22571 22338 22463
23621 23260 23550
27567 27403 27632
5820 5739 5776
30456 30217 30402
7887 7772 7680
18190 17902 18079
20286 19958 20166
23548 23323 23491
32706 32327 32573
31516 31280 31462
18201 17878 18055
7911 7794 7770
15535 15352 15489
10567 10454 10481
7860 7783 7825
32693 32423 32586
9489 9376 9413
28284 28102 28323
2981 2949 3046
1064 1030 1003
7761 7672 7705
16468 16268 16495
21321 21027 21228
10536 10410 10437
13133 12950 13038
16543 16352 16479
2388 2345 2365
4647 4593 4707
16587 16315 16515
17318 17086 17213
15587 15250 15445
19181 18906 19072
21335 20991 21251
19094 18873 19010
7899 7651 7856
7826 7745 7808
4669 4612 4646
13109 12916 13082
29338 29097 29280
20244 19974 20177
16607 16336 16459
15564 15370 15422
6818 6740 6761
2357 2386 2322
11806 11619 11753
32632 32352 32496
24490 24200 24324
2274 2328 2392
27651 27352 27551
11886 11671 11739
23588 23305 23522
22591 22307 22509
3029 2995 3057
26661 26448 26528
23648 23362 23507
1047 1012 1092
27663 27417 27489
8554 8400 8432
1106 1080 1052
11847 11654 11683
7875 7758 7727
9531 9352 9436
27637 27370 27512
14249 14027 14155
20268 19898 20116
7922 7730 7841
6774 6702 6799
5754 5719 5685
19117 18748 19087
2403 2291 2415
21303 21057 21196
32654 32372 32517
4715 4631 4667
8512 8351 8475
5836 5756 5731
3063 2981 3019
30433 30232 30391
21347 21043 21176
3006 2966 3030
15410 15334 15467
11784 11703 11724
22603 22323 22530
5849 5628 5797
21283 20969 21214
31493 31323 31421
32583 32391 32557
5732 5819 5754
23606 23284 23536
3047 3107 3006
20219 19941 20141
29263 29022 29295
11867 11637 11767
30410 30201 30370
28260 28072 28311
22521 22290 22487
23635 23352 23472
5779 5680 5708
7808 7692 7630
16566 16292 16438
19139 18891 19034
9513 9450 9390
23887 23731 23928
4234 4293 4327
28905 28638 28752
8288 8219 8406
6416 6160 6223
13845 13746 13413
25572 25238 25431
30160 30097 29850
32531 32037 31998
6610 6297 6579
32129 31934 32074
19763 19703 19396
12575 12659 12382
14875 15064 14786
29009 28969 29110
27093 26863 27197
29866 29681 30088
30130 29955 29774
4323 4498 4112
24429 23696 23994
27516 27301 27354
17465 17228 17771
27964 27697 27772
14694 14523 14947
14974 14485 15295
5656 5100 5577
20715 20943 20880
8349 7936 8125
16950 16831 17188
3952 4523 4549
15861 16193 15774
22417 22070 22120
17081 16955 17048
27369 27101 27163
23378 23127 23037
13084 12278 12598
11078 11031 11166
16008 15590 16361
17248 16659 17018
19936 19580 19471
22445 21674 22242
10182 10250 10217
15823 16081 15881
6668 6515 6460
11006 11436 11470
32415 32250 32470
16180 16051 16110
6875 6766 6793
23960 24020 24055
9125 8958 9041
