5093
3031 2487 2670
2021 1806 1713
4502 4568 4300
1920 1522 1535
1010 944 796
1030 860 777
3971 3673 3559
3796 3519 3292
82 241 165
2707 2319 2197
2444 2090 1995
273 1 112
4908 4971 4714
949 815 797
771 706 526
1208 1069 876
875 751 649
4297 4074 4048
245 203 87
2985 2594 2724
2685 2344 2253
181 216 102
4363 4406 4288
378 425 298
1680 1456 1327
2833 2471 2533
3742 3372 3229
4542 4507 4346
4851 4757 4660
2099 1734 1789
1874 1502 1429
3759 3258 3132
4737 4677 4524
3153 2716 2772
1436 1201 918
3515 3247 3060
3765 3441 3287
3886 3553 3399
3926 3637 3424
456 363 236
4100 3739 3672
3207 2815 2925
3294 2772 2882
3131 2607 2798
295 125 39
355 279 115
1462 1237 1038
2887 2577 2636
4496 4287 4228
323 266 215
3640 3143 3095
1729 1417 1361
4361 4168 4103
1383 1120 1007
4343 4223 4124
1349 1177 1028
4465 4241 4295
3499 2991 2979
3608 3213 3123
4598 4539 4327
1760 1492 1422
990 902 789
903 958 741
2820 2413 2517
1647 1254 1082
4074 3755 3789
670 623 502
3562 3182 3128
2345 1972 2040
794 673 587
4400 4476 4193
4323 4122 4186
2264 1962 1871
5077 5016 4830
1326 1020 911
4355 4239 3948
4722 4744 4473
4426 4326 4279
131 49 6
4981 5026 4875
541 490 376
3680 3346 3214
4045 3702 3578
1774 1479 1395
423 319 272
3437 2941 3022
4156 3784 3860
3252 2887 2845
4116 3778 3751
2753 2378 2410
4680 4724 4504
504 476 348
4451 4371 4258
3485 3033 2951
3669 3097 2986
3335 2858 2922
2236 1905 1841
2363 2144 2078
4557 4649 4357
4203 3870 3924
3792 3397 3239
717 615 390
487 284 323
310 166 71
5056 5003 4784
2068 1821 1733
808 746 633
4167 3823 3759
2608 2336 2359
2125 1774 1664
1618 1413 1222
3997 3696 3530
4957 4937 4664
2316 2003 1970
2518 2214 2181
4270 4206 4018
4359 4026 4074
600 538 470
2651 2351 2302
4216 3924 3991
2560 2229 2183
1040 987 798
4883 4806 4582
3388 2891 2967
4613 4661 4405
826 788 694
3724 3306 3179
2718 2241 2339
1289 1081 904
215 263 108
2764 2401 2460
1972 1643 1566
4941 4889 4639
3906 3470 3368
1412 1085 965
4976 4920 4758
4818 4912 4533
4174 3905 3811
3157 2753 2812
2937 2552 2703
0 90 61
2002 1567 1609
1431 1151 1022
4269 4021 3877
3363 2874 2908
2424 2155 2141
634 582 431
1020 977 698
3105 2657 2734
2461 2044 2102
2564 2287 2389
1669 1344 1303
1781 1564 1526
50 0 1
4132 3866 3794
2199 1943 1896
3198 2720 2839
1586 1383 1263
1251 1046 859
5026 4940 4860
4248 3974 3930
1164 990 891
4001 3772 3715
3907 3556 3521
2252 1866 1791
2477 2167 2247
1941 1607 1644
4639 4672 4456
1538 1303 1178
3508 3069 2927
728 629 686
3945 3665 3473
4770 4851 4611
2837 2523 2586
577 435 384
1828 1532 1479
3961 3602 3499
2552 2199 2153
497 395 317
2267 2043 1921
2728 2352 2392
4656 4617 4436
2143 1689 1746
4476 4444 4145
2149 1825 1920
819 735 612
3073 2699 2811
1115 1076 835
4125 3766 3626
2793 2425 2498
1490 1407 1131
700 500 573
1078 980 827
3841 3548 3333
1487 1216 1062
2394 2124 2044
2828 2433 2572
1437 1207 1034
3675 3235 3025
372 242 169
