1509
497 609 372
818 916 717
969 1161 954
430 487 322
232 164 157
895 1052 830
1163 1418 1184
47 99 161
432 576 365
459 403 310
230 198 143
991 1206 1037
92 191 155
893 1025 839
533 683 464
567 651 469
292 211 279
387 450 298
668 856 618
287 332 212
0 178 96
1064 1348 1135
429 472 319
510 649 416
787 882 668
234 370 272
211 143 225
1123 1416 1178
560 711 449
631 848 573
923 1085 877
194 76 0
1116 1391 1142
1025 1252 1048
569 719 471
1014 1240 1039
821 990 720
897 1053 840
598 737 528
128 204 50
957 1124 908
942 1150 979
874 1002 799
1023 1225 956
1080 1385 1138
937 1108 892
627 814 502
1035 1293 1053
225 41 159
856 968 737
294 385 249
1205 1442 1185
282 355 246
485 519 330
740 903 704
1048 1311 1102
509 594 377
250 383 226
526 618 380
266 301 239
218 122 160
1165 1480 1205
692 861 752
980 1163 955
576 786 565
151 0 121
613 836 552
345 399 284
507 553 353
1033 1278 1041
1042 1164 1021
173 209 152
1150 1407 1182
344 259 162
872 921 785
