45052
1 2 16
16 21 2
11 17 29
29 12 19
40 42 44
42 40 46
44 46 41
46 48 49
47 49 48
48 50 51
49 51 50
50 102 152
200 52 102
150 202 52
100 152 202
250 302 352
400 252 302
350 402 252
300 352 402
450 502 552
600 452 502
550 602 452
500 552 602
650 702 752
800 652 702
750 802 652
700 752 802
850 902 952
1000 852 902
950 1002 852
900 952 1002
1050 1102 1152
1200 1052 1102
1150 1202 1052
1100 1152 1202
1250 1302 1352
1400 1252 1302
1350 1402 1252
1300 1352 1402
1450 1502 1552
1600 1452 1502
1550 1602 1452
1500 1552 1602
1650 1702 1752
1800 1652 1702
1750 1802 1652
1700 1752 1802
1850 1902 1952
2000 1852 1902
1950 2002 1852
1900 1952 2002
2050 2102 2152
2200 2052 2102
2150 2202 2052
2100 2152 2202
2250 2302 2352
2400 2252 2302
2350 2402 2252
2300 2352 2402
2450 2502 2552
2600 2452 2502
2550 2602 2452
2500 2552 2602
2650 2702 2752
2800 2652 2702
2750 2802 2652
2700 2752 2802
2850 2902 2952
3000 2852 2902
2950 3002 2852
2900 2952 3002
3050 3102 3152
3200 3052 3102
3150 3202 3052
3100 3152 3202
3250 3302 3352
3400 3252 3302
3350 3402 3252
3300 3352 3402
3450 3502 3552
3600 3452 3502
3550 3602 3452
3500 3552 3602
3650 3702 3752
3800 3652 3702
3750 3802 3652
3700 3752 3802
3850 3902 3952
4000 3852 3902
3950 4002 3852
3900 3952 4002
4050 4102 4152
4200 4052 4102
4150 4202 4052
4100 4152 4202
4250 4302 4352
4400 4252 4302
4350 4402 4252
4300 4352 4402
4450 4502 4552
4600 4452 4502
4550 4602 4452
4500 4552 4602
4650 4702 4752
4800 4652 4702
4750 4802 4652
4700 4752 4802
4850 4902 4952
5000 4852 4902
4950 5002 4852
4900 4952 5002
5050 5102 5152
5200 5052 5102
5150 5202 5052
5100 5152 5202
5250 5302 5352
5400 5252 5302
5350 5402 5252
5300 5352 5402
5450 5502 5552
5600 5452 5502
5550 5602 5452
5500 5552 5602
5650 5702 5752
5800 5652 5702
5750 5802 5652
5700 5752 5802
5850 5902 5952
6000 5852 5902
5950 6002 5852
5900 5952 6002
6050 6102 6152
6200 6052 6102
6150 6202 6052
6100 6152 6202
6250 6302 6352
6400 6252 6302
6350 6402 6252
6300 6352 6402
6450 6502 6552
6600 6452 6502
6550 6602 6452
6500 6552 6602
6650 6702 6752
6800 6652 6702
6750 6802 6652
6700 6752 6802
6850 6902 6952
7000 6852 6902
6950 7002 6852
6900 6952 7002
7050 7102 7152
7200 7052 7102
7150 7202 7052
7100 7152 7202
7250 7302 7352
7400 7252 7302
7350 7402 7252
7300 7352 7402
7450 7502 7552
7600 7452 7502
7550 7602 7452
7500 7552 7602
7650 7702 7752
7800 7652 7702
7750 7802 7652
7700 7752 7802
7850 7902 7952
8000 7852 7902
7950 8002 7852
7900 7952 8002
8050 8102 8152
8200 8052 8102
8150 8202 8052
8100 8152 8202
8250 8302 8352
8400 8252 8302
8350 8402 8252
8300 8352 8402
8450 8502 8552
8600 8452 8502
8550 8602 8452
8500 8552 8602
8650 8702 8752
8800 8652 8702
8750 8802 8652
8700 8752 8802
8850 8902 8952
9000 8852 8902
8950 9002 8852
8900 8952 9002
9050 9102 9152
9200 9052 9102
9150 9202 9052
9100 9152 9202
9250 9302 9352
9400 9252 9302
9350 9402 9252
9300 9352 9402
9450 9502 9552
9600 9452 9502
9550 9602 9452
9500 9552 9602
9650 9702 9752
9800 9652 9702
9750 9802 9652
9700 9752 9802
9850 9902 9952
10000 9852 9902
9950 10002 9852
9900 9952 10002
10050 10102 10152
10200 10052 10102
10150 10202 10052
10100 10152 10202
10250 10302 10352
10400 10252 10302
10350 10402 10252
10300 10352 10402
10450 10502 10552
10600 10452 10502
10550 10602 10452
10500 10552 10602
10650 10702 10752
10800 10652 10702
10750 10802 10652
10700 10752 10802
10850 10902 10952
11000 10852 10902
10950 11002 10852
10900 10952 11002
11050 11102 11152
11200 11052 11102
11150 11202 11052
11100 11152 11202
11250 11302 11352
11400 11252 11302
11350 11402 11252
11300 11352 11402
11450 11502 11552
11600 11452 11502
11550 11602 11452
11500 11552 11602
11650 11702 11752
11800 11652 11702
11750 11802 11652
11700 11752 11802
11850 11902 11952
12000 11852 11902
11950 12002 11852
11900 11952 12002
12050 12102 12152
12200 12052 12102
12150 12202 12052
12100 12152 12202
12250 12302 12352
12400 12252 12302
12350 12402 12252
12300 12352 12402
12450 12502 12552
12600 12452 12502
12550 12602 12452
12500 12552 12602
12650 12702 12752
12800 12652 12702
12750 12802 12652
12700 12752 12802
12850 12902 12952
13000 12852 12902
12950 13002 12852
12900 12952 13002
13050 13102 13152
13200 13052 13102
13150 13202 13052
13100 13152 13202
13250 13302 13352
13400 13252 13302
13350 13402 13252
13300 13352 13402
13450 13502 13552
13600 13452 13502
13550 13602 13452
13500 13552 13602
13650 13702 13752
13800 13652 13702
13750 13802 13652
13700 13752 13802
13850 13902 13952
14000 13852 13902
13950 14002 13852
13900 13952 14002
14050 14102 14152
14200 14052 14102
14150 14202 14052
14100 14152 14202
14250 14302 14352
14400 14252 14302
14350 14402 14252
14300 14352 14402
14450 14502 14552
14600 14452 14502
14550 14602 14452
14500 14552 14602
14650 14702 14752
14800 14652 14702
14750 14802 14652
14700 14752 14802
14850 14902 14952
15000 14852 14902
14950 15002 14852
14900 14952 15002
15050 15102 15152
15200 15052 15102
15150 15202 15052
15100 15152 15202
15250 15302 15352
15400 15252 15302
15350 15402 15252
15300 15352 15402
15450 15502 15552
15600 15452 15502
15550 15602 15452
15500 15552 15602
15650 15702 15752
15800 15652 15702
15750 15802 15652
15700 15752 15802
15850 15902 15952
16000 15852 15902
15950 16002 15852
15900 15952 16002
16050 16102 16152
16200 16052 16102
16150 16202 16052
16100 16152 16202
16250 16302 16352
16400 16252 16302
16350 16402 16252
16300 16352 16402
16450 16502 16552
16600 16452 16502
16550 16602 16452
16500 16552 16602
16650 16702 16752
16800 16652 16702
16750 16802 16652
16700 16752 16802
16850 16902 16952
17000 16852 16902
16950 17002 16852
16900 16952 17002
17050 17102 17152
17200 17052 17102
17150 17202 17052
17100 17152 17202
17250 17302 17352
17400 17252 17302
17350 17402 17252
17300 17352 17402
17450 17502 17552
17600 17452 17502
17550 17602 17452
17500 17552 17602
17650 17702 17752
17800 17652 17702
17750 17802 17652
17700 17752 17802
17850 17902 17952
18000 17852 17902
17950 18002 17852
17900 17952 18002
18050 18102 18152
18200 18052 18102
18150 18202 18052
18100 18152 18202
18250 18302 18352
18400 18252 18302
18350 18402 18252
18300 18352 18402
18450 18502 18552
18600 18452 18502
18550 18602 18452
18500 18552 18602
18650 18702 18752
18800 18652 18702
18750 18802 18652
18700 18752 18802
18850 18902 18952
19000 18852 18902
18950 19002 18852
18900 18952 19002
19050 19102 19152
19200 19052 19102
19150 19202 19052
19100 19152 19202
19250 19302 19352
19400 19252 19302
19350 19402 19252
19300 19352 19402
19450 19502 19552
19600 19452 19502
19550 19602 19452
19500 19552 19602
19650 19702 19752
19800 19652 19702
19750 19802 19652
19700 19752 19802
19850 19902 19952
20000 19852 19902
19950 20002 19852
19900 19952 20002
20050 20102 20152
20200 20052 20102
20150 20202 20052
20100 20152 20202
20250 20302 20352
20400 20252 20302
20350 20402 20252
20300 20352 20402
20450 20502 20552
20600 20452 20502
20550 20602 20452
20500 20552 20602
20650 20702 20752
20800 20652 20702
20750 20802 20652
20700 20752 20802
20850 20902 20952
21000 20852 20902
20950 21002 20852
20900 20952 21002
21050 21102 21152
21200 21052 21102
21150 21202 21052
21100 21152 21202
21250 21302 21352
21400 21252 21302
21350 21402 21252
21300 21352 21402
21450 21502 21552
21600 21452 21502
21550 21602 21452
21500 21552 21602
21650 21702 21752
21800 21652 21702
21750 21802 21652
21700 21752 21802
21850 21902 21952
22000 21852 21902
21950 22002 21852
21900 21952 22002
22050 22102 22152
22200 22052 22102
22150 22202 22052
22100 22152 22202
22250 22302 22352
22400 22252 22302
22350 22402 22252
22300 22352 22402
22450 22502 22552
22600 22452 22502
22550 22602 22452
22500 22552 22602
22650 22702 22752
22800 22652 22702
22750 22802 22652
22700 22752 22802
22850 22902 22952
23000 22852 22902
22950 23002 22852
22900 22952 23002
23050 23102 23152
23200 23052 23102
23150 23202 23052
23100 23152 23202
23250 23302 23352
23400 23252 23302
23350 23402 23252
23300 23352 23402
23450 23502 23552
23600 23452 23502
23550 23602 23452
23500 23552 23602
23650 23702 23752
23800 23652 23702
23750 23802 23652
23700 23752 23802
23850 23902 23952
24000 23852 23902
23950 24002 23852
23900 23952 24002
24050 24102 24152
24200 24052 24102
24150 24202 24052
24100 24152 24202
24250 24302 24352
24400 24252 24302
24350 24402 24252
24300 24352 24402
24450 24502 24552
24600 24452 24502
24550 24602 24452
24500 24552 24602
24650 24702 24752
24800 24652 24702
24750 24802 24652
24700 24752 24802
24850 24902 24952
25000 24852 24902
24950 25002 24852
24900 24952 25002
25050 25102 25152
25200 25052 25102
25150 25202 25052
25100 25152 25202
25250 25302 25352
25400 25252 25302
25350 25402 25252
25300 25352 25402
25450 25502 25552
25600 25452 25502
25550 25602 25452
25500 25552 25602
25650 25702 25752
25800 25652 25702
25750 25802 25652
25700 25752 25802
25850 25902 25952
26000 25852 25902
25950 26002 25852
25900 25952 26002
26050 26102 26152
26200 26052 26102
26150 26202 26052
26100 26152 26202
26250 26302 26352
26400 26252 26302
26350 26402 26252
26300 26352 26402
26450 26502 26552
26600 26452 26502
26550 26602 26452
26500 26552 26602
26650 26702 26752
26800 26652 26702
26750 26802 26652
26700 26752 26802
26850 26902 26952
27000 26852 26902
26950 27002 26852
26900 26952 27002
27050 27102 27152
27200 27052 27102
27150 27202 27052
27100 27152 27202
27250 27302 27352
27400 27252 27302
27350 27402 27252
27300 27352 27402
27450 27502 27552
27600 27452 27502
27550 27602 27452
27500 27552 27602
27650 27702 27752
27800 27652 27702
27750 27802 27652
27700 27752 27802
27850 27902 27952
28000 27852 27902
27950 28002 27852
27900 27952 28002
28050 28102 28152
28200 28052 28102
28150 28202 28052
28100 28152 28202
28250 28302 28352
28400 28252 28302
28350 28402 28252
28300 28352 28402
28450 28502 28552
28600 28452 28502
28550 28602 28452
28500 28552 28602
28650 28702 28752
28800 28652 28702
28750 28802 28652
28700 28752 28802
28850 28902 28952
29000 28852 28902
28950 29002 28852
28900 28952 29002
29050 29102 29152
29200 29052 29102
29150 29202 29052
29100 29152 29202
29250 29302 29352
29400 29252 29302
29350 29402 29252
29300 29352 29402
29450 29502 29552
29600 29452 29502
29550 29602 29452
29500 29552 29602
29650 29702 29752
29800 29652 29702
29750 29802 29652
29700 29752 29802
29850 29902 29952
30000 29852 29902
29950 30002 29852
29900 29952 30002
30050 30102 30152
30200 30052 30102
30150 30202 30052
30100 30152 30202
30250 30302 30352
30400 30252 30302
30350 30402 30252
30300 30352 30402
30450 30502 30552
30600 30452 30502
30550 30602 30452
30500 30552 30602
30650 30702 30752
30800 30652 30702
30750 30802 30652
30700 30752 30802
30850 30902 30952
31000 30852 30902
30950 31002 30852
30900 30952 31002
31050 31102 31152
31200 31052 31102
31150 31202 31052
31100 31152 31202
31250 31302 31352
31400 31252 31302
31350 31402 31252
31300 31352 31402
31450 31502 31552
31600 31452 31502
31550 31602 31452
31500 31552 31602
31650 31702 31752
31800 31652 31702
31750 31802 31652
31700 31752 31802
31850 31902 31952
32000 31852 31902
31950 32002 31852
31900 31952 32002
32050 32102 32152
32200 32052 32102
32150 32202 32052
32100 32152 32202
32250 32302 32352
32400 32252 32302
32350 32402 32252
32300 32352 32402
32450 32502 32552
32600 32452 32502
32550 32602 32452
32500 32552 32602
32650 32702 32752
32800 32652 32702
32750 32802 32652
32700 32752 32802
32850 32902 32952
33000 32852 32902
32950 33002 32852
32900 32952 33002
33050 33102 33152
33200 33052 33102
33150 33202 33052
33100 33152 33202
33250 33302 33352
33400 33252 33302
33350 33402 33252
33300 33352 33402
33450 33502 33552
33600 33452 33502
33550 33602 33452
33500 33552 33602
33650 33702 33752
33800 33652 33702
33750 33802 33652
33700 33752 33802
33850 33902 33952
34000 33852 33902
33950 34002 33852
33900 33952 34002
34050 34102 34152
34200 34052 34102
34150 34202 34052
34100 34152 34202
34250 34302 34352
34400 34252 34302
34350 34402 34252
34300 34352 34402
34450 34502 34552
34600 34452 34502
34550 34602 34452
34500 34552 34602
34650 34702 34752
34800 34652 34702
34750 34802 34652
34700 34752 34802
34850 34902 34952
35000 34852 34902
34950 35002 34852
34900 34952 35002
35050 35102 35152
35200 35052 35102
35150 35202 35052
35100 35152 35202
35250 35302 35352
35400 35252 35302
35350 35402 35252
35300 35352 35402
35450 35502 35552
35600 35452 35502
35550 35602 35452
35500 35552 35602
35650 35702 35752
35800 35652 35702
35750 35802 35652
35700 35752 35802
35850 35902 35952
36000 35852 35902
35950 36002 35852
35900 35952 36002
36050 36102 36152
36200 36052 36102
36150 36202 36052
36100 36152 36202
36250 36302 36352
36400 36252 36302
36350 36402 36252
36300 36352 36402
36450 36502 36552
36600 36452 36502
36550 36602 36452
36500 36552 36602
36650 36702 36752
36800 36652 36702
36750 36802 36652
36700 36752 36802
36850 36902 36952
37000 36852 36902
36950 37002 36852
36900 36952 37002
37050 37102 37152
37200 37052 37102
37150 37202 37052
37100 37152 37202
37250 37302 37352
37400 37252 37302
37350 37402 37252
37300 37352 37402
37450 37502 37552
37600 37452 37502
37550 37602 37452
37500 37552 37602
37650 37702 37752
37800 37652 37702
37750 37802 37652
37700 37752 37802
37850 37902 37952
38000 37852 37902
37950 38002 37852
37900 37952 38002
38050 38102 38152
38200 38052 38102
38150 38202 38052
38100 38152 38202
38250 38302 38352
38400 38252 38302
38350 38402 38252
38300 38352 38402
38450 38502 38552
38600 38452 38502
38550 38602 38452
38500 38552 38602
38650 38702 38752
38800 38652 38702
38750 38802 38652
38700 38752 38802
38850 38902 38952
39000 38852 38902
38950 39002 38852
38900 38952 39002
39050 39102 39152
39200 39052 39102
39150 39202 39052
39100 39152 39202
39250 39302 39352
39400 39252 39302
39350 39402 39252
39300 39352 39402
39450 39502 39552
39600 39452 39502
39550 39602 39452
39500 39552 39602
39650 39702 39752
39800 39652 39702
39750 39802 39652
39700 39752 39802
39850 39902 39952
40000 39852 39902
39950 40002 39852
39900 39952 40002
40050 40102 40152
40200 40052 40102
40150 40202 40052
40100 40152 40202
40250 40302 40352
40400 40252 40302
40350 40402 40252
40300 40352 40402
40450 40502 40552
40600 40452 40502
40550 40602 40452
40500 40552 40602
40650 40702 40752
40800 40652 40702
40750 40802 40652
40700 40752 40802
40850 40902 40952
41000 40852 40902
40950 41002 40852
40900 40952 41002
41050 41102 41152
41200 41052 41102
41150 41202 41052
41100 41152 41202
41250 41302 41352
41400 41252 41302
41350 41402 41252
41300 41352 41402
41450 41502 41552
41600 41452 41502
41550 41602 41452
41500 41552 41602
41650 41702 41752
41800 41652 41702
41750 41802 41652
41700 41752 41802
41850 41902 41952
42000 41852 41902
41950 42002 41852
41900 41952 42002
42050 42102 42152
42200 42052 42102
42150 42202 42052
42100 42152 42202
42250 42302 42352
42400 42252 42302
42350 42402 42252
42300 42352 42402
42450 42502 42552
42600 42452 42502
42550 42602 42452
42500 42552 42602
42650 42702 42752
42800 42652 42702
42750 42802 42652
42700 42752 42802
42850 42902 42952
43000 42852 42902
42950 43002 42852
42900 42952 43002
43050 43102 43152
43200 43052 43102
43150 43202 43052
43100 43152 43202
43250 43302 43352
43400 43252 43302
43350 43402 43252
43300 43352 43402
43450 43502 43552
43600 43452 43502
43550 43602 43452
43500 43552 43602
43650 43702 43752
43800 43652 43702
43750 43802 43652
43700 43752 43802
43850 43902 43952
44000 43852 43902
43950 44002 43852
43900 43952 44002
44050 44102 44152
44200 44052 44102
44150 44202 44052
44100 44152 44202
44250 44302 44352
44400 44252 44302
44350 44402 44252
44300 44352 44402
44450 44502 44552
44600 44452 44502
44550 44602 44452
44500 44552 44602
44650 44702 44752
44800 44652 44702
44750 44802 44652
44700 44752 44802
44850 44902 44952
45000 44852 44902
44950 45002 44852
44900 44952 45002
