75 3
5 10 9 5
15 3 5 3
30 11 2 1
4 2 32 8
0 2 14 2
21 2 1 9
48 2 24 1
0 45 23 1
5 27 18 7
3 26 47 9
0 2 6 9
32 23 19 2
0 36 7 2
21 2 27 1
9 27 28 5
9 2 32 2
1 2 48 5
3 42 22 12
14 24 5 50
1 5 23 13
0 47 13 25
36 16 37 3
3 1 15 3
7 16 2 33
15 31 21 36
1 16 13 7
0 7 21 1
43 27 2 4
9 7 8 15
13 37 8 45
23 14 23 15
0 17 23 50
42 7 16 36
34 8 26 5
11 7 18 31
32 9 12 2
16 35 12 17
23 26 32 37
12 15 49 24
0 23 5 46
26 12 26 46
27 15 11 42
20 19 23 31
32 2 15 23
41 36 6 4
24 5 16 16
12 4 22 26
35 7 18 49
0 5 35 1
16 16 22 15
2 50 14 23
50 34 38 12
1 5 15 3
5 12 34 23
15 47 13 13
36 16 37 33
5 1 15 3
1 16 2 13
7 7 31 36
1 16 31 7
0 7 21 1
50 40 29 34
15 48 21 33
30 11 1 1
12 22 28 8
0 22 41 22
12 14 12 13
2 42 4 14
5 2 23 12
34 2 15 7
32 6 42 16
0 21 2 3
43 13 9 2
1 1 42 50
16 2 47 14
