1000 3
40 28 7 21
23 24 1 23
46 24 2 4
7 13 47 2
15 50 25 28
22 4 18 14
39 16 33 34
24 36 24 31
28 50 44 6
35 46 8 43
35 47 13 47
48 24 10 13
49 1 19 50
17 48 3 38
43 1 19 26
33 36 19 29
0 24 35 8
22 1 28 14
12 19 23 9
24 48 41 19
21 9 47 33
34 13 43 34
16 45 8 50
9 20 32 7
32 11 34 36
31 45 25 47
18 8 37 19
2 5 25 42
11 46 18 4
48 22 25 26
7 6 49 15
3 43 48 33
47 21 41 40
26 24 7 26
7 13 19 9
13 47 33 14
31 44 42 34
0 13 28 5
50 16 18 22
45 11 48 42
49 22 44 25
13 5 37 23
31 5 2 27
18 35 27 6
39 12 50 27
27 5 23 27
9 13 4 50
46 37 19 21
30 34 23 40
48 39 7 23
36 28 10 41
1 5 45 44
39 22 35 21
21 7 47 1
28 10 26 30
24 22 10 14
30 9 29 16
39 46 42 13
18 12 13 31
36 20 2 25
41 23 27 38
14 21 16 16
28 43 27 15
12 46 47 32
3 47 7 28
50 1 21 27
9 31 4 26
12 24 31 7
0 19 9 38
41 42 33 23
44 50 2 6
16 29 49 19
40 18 12 9
35 36 26 30
45 21 43 48
21 21 4 7
30 45 47 15
11 3 30 21
10 19 30 18
27 7 39 50
34 35 1 9
26 48 30 44
36 14 30 1
30 20 24 24
32 25 7 37
27 6 1 16
29 33 4 30
30 31 23 5
18 24 13 12
34 28 38 4
4 42 31 35
29 5 3 10
3 14 44 49
6 39 41 34
47 28 28 40
23 8 8 50
16 32 2 46
15 32 20 25
24 11 17 50
48 33 20 19
43 14 18 28
44 33 43 34
49 10 36 7
36 24 21 42
4 10 10 40
41 44 28 41
12 25 10 47
50 42 4 1
49 47 34 25
8 34 1 43
46 3 32 7
49 11 11 45
2 36 38 41
44 35 38 40
37 34 44 15
39 20 41 43
0 37 44 1
7 8 21 1
44 34 13 34
40 50 37 49
15 22 9 49
28 15 34 22
27 4 36 35
19 38 6 27
20 21 5 39
5 41 42 28
27 18 36 48
40 24 7 35
31 11 11 48
1 39 35 48
12 31 22 48
19 6 1 10
27 7 21 35
32 38 10 38
31 14 18 3
27 27 24 38
26 30 20 20
43 34 9 31
4 5 47 38
49 31 4 44
2 27 21 47
7 9 33 30
7 31 1 39
43 1 15 43
41 13 5 6
49 50 19 32
22 13 16 34
34 14 36 43
1 32 29 4
46 43 6 24
19 38 28 42
39 42 17 21
17 49 32 40
38 3 14 16
9 49 16 21
20 7 39 40
21 20 1 37
49 33 1 38
7 21 14 31
47 37 42 26
12 1 16 2
4 12 13 10
32 46 14 26
25 26 10 18
37 30 20 26
42 11 49 24
15 36 19 23
8 41 22 31
16 34 3 13
14 4 16 26
5 22 17 4
7 2 37 12
29 21 37 43
37 31 3 12
29 49 20 5
19 15 43 29
21 1 16 36
41 39 8 5
2 13 26 35
37 48 1 16
0 4 39 37
17 13 18 14
4 9 43 40
48 29 24 39
27 40 36 10
45 6 39 39
27 20 15 37
6 40 21 50
20 35 5 34
46 36 31 19
13 15 49 8
0 15 38 31
42 47 27 38
4 39 19 20
8 24 4 22
20 40 23 40
8 49 20 44
31 35 24 32
16 17 46 12
49 8 10 20
42 33 10 13
25 46 23 31
36 36 17 14
20 17 37 39
31 19 5 11
3 40 46 13
14 24 14 5
26 11 42 29
35 20 22 35
5 12 24 40
23 13 46 32
47 42 22 47
24 29 17 14
30 28 43 26
48 35 50 14
32 8 1 32
28 31 5 6
36 27 43 23
4 25 30 17
1 26 6 22
41 11 30 33
17 36 46 28
21 26 23 16
36 26 37 31
44 49 37 50
50 42 3 2
35 8 26 46
5 11 15 6
17 4 12 22
48 13 32 43
11 29 36 26
35 14 3 37
27 6 4 33
32 37 24 8
6 20 1 12
0 33 36 34
40 7 11 28
30 37 40 5
13 34 39 40
37 46 39 1
16 24 5 27
34 20 44 35
10 23 20 47
2 19 23 20
6 20 9 43
37 40 39 37
50 33 44 43
23 8 2 49
33 41 11 43
15 33 28 13
17 10 27 6
19 35 9 20
14 6 37 32
30 26 2 44
21 41 28 49
15 5 15 34
13 1 8 50
23 34 18 33
26 3 18 45
19 44 14 42
47 44 31 8
39 25 32 18
17 4 35 45
38 9 34 46
28 36 3 45
15 19 30 34
40 3 42 9
47 1 7 19
25 25 1 38
18 34 9 40
20 42 34 26
42 40 6 20
21 21 2 22
30 1 21 15
49 14 31 22
25 6 36 29
42 17 47 2
22 24 9 4
11 16 32 12
25 4 7 17
43 8 11 38
20 2 37 41
18 4 15 25
24 42 16 33
35 25 41 47
10 7 28 27
31 18 16 24
3 8 33 4
42 2 2 28
30 39 16 38
45 27 28 48
23 1 14 36
41 6 34 22
17 15 1 1
15 27 26 14
18 24 45 25
8 15 6 25
45 48 10 49
1 42 17 28
22 40 33 4
43 23 44 50
12 21 16 1
25 41 7 13
10 11 32 11
24 46 20 28
3 23 32 37
31 35 49 38
1 49 21 21
12 44 49 1
43 50 39 44
12 3 18 34
4 17 41 12
35 4 15 11
4 23 17 31
40 50 38 38
43 1 35 25
6 1 20 48
11 36 4 22
7 22 40 2
19 2 24 18
15 15 37 23
11 12 19 26
48 7 25 29
15 31 20 29
32 9 15 25
24 48 22 43
1 37 18 40
47 28 10 46
42 35 25 47
16 2 40 11
45 38 35 39
30 32 1 18
9 29 31 47
39 21 3 32
40 33 16 27
28 36 39 45
49 35 32 46
29 42 15 36
12 42 39 4
25 11 11 10
38 43 36 32
38 48 47 32
38 24 28 8
7 15 17 43
27 13 10 46
33 13 17 31
41 37 18 16
36 45 38 18
47 37 20 31
48 23 47 12
13 9 23 3
12 47 19 38
40 1 42 8
31 16 10 42
40 6 2 1
44 36 46 38
38 8 2 14
13 3 33 33
15 45 48 25
39 44 4 25
36 21 45 15
13 1 17 32
42 26 15 7
44 48 22 35
6 28 21 6
16 5 15 17
2 16 20 33
35 8 6 21
12 44 46 9
12 38 48 13
31 34 49 4
8 5 32 49
49 41 8 15
45 45 50 39
23 7 48 46
43 34 12 3
43 45 21 6
39 46 10 39
11 43 30 32
25 48 7 21
12 36 12 30
10 2 41 47
27 11 5 44
36 32 12 45
23 3 42 13
40 40 31 41
0 41 34 8
19 24 7 10
42 30 1 10
48 21 44 8
12 13 39 39
19 48 21 3
32 39 27 38
48 9 9 23
5 27 28 29
46 41 29 4
0 25 34 17
23 22 17 9
47 47 23 3
40 25 38 47
32 29 25 27
29 23 35 37
35 43 9 6
23 4 17 9
42 27 3 45
11 23 9 50
38 42 28 31
21 22 31 4
17 45 20 4
41 44 32 31
46 39 14 24
38 9 29 34
47 38 26 36
3 34 43 18
33 22 41 30
3 9 34 16
18 14 43 38
39 1 24 26
7 35 10 38
33 4 42 27
40 11 12 1
26 29 30 22
16 48 32 35
35 19 18 28
34 35 20 41
49 20 22 29
18 14 47 28
45 24 16 6
26 29 39 45
7 40 16 9
5 48 45 36
35 23 31 16
1 35 9 49
10 30 4 41
15 14 46 34
34 47 36 40
27 16 26 50
11 25 3 27
5 10 17 11
47 44 27 47
49 3 27 16
30 30 29 44
19 25 2 15
48 24 36 24
34 29 30 9
35 21 45 50
34 8 5 28
30 12 16 8
28 26 5 41
18 39 4 45
13 31 44 38
37 37 49 9
18 5 28 5
34 36 29 5
46 49 47 36
41 35 38 1
8 17 40 12
24 50 17 1
32 44 5 41
34 39 12 4
31 38 13 48
49 48 28 19
13 17 8 42
30 8 22 12
33 27 30 8
31 43 33 37
45 19 33 30
43 29 3 42
3 10 8 38
3 1 41 36
31 26 15 44
27 21 22 29
45 18 21 1
9 26 5 25
14 43 33 1
32 26 5 31
49 29 17 29
26 37 49 10
14 17 33 1
20 26 40 1
6 48 9 40
45 40 27 45
23 5 49 39
13 2 44 45
29 46 31 43
49 5 9 19
38 29 31 10
46 20 24 39
8 43 1 38
23 34 12 10
15 18 4 40
10 30 47 22
28 26 21 42
4 26 49 46
32 43 48 14
46 27 4 38
20 28 34 38
2 37 3 38
12 37 2 25
47 35 8 22
38 32 17 12
24 31 11 45
3 40 36 7
38 10 1 29
4 28 24 33
4 46 12 14
21 6 21 20
10 37 2 21
6 24 29 24
3 45 31 34
29 13 47 26
30 36 7 12
32 13 32 42
22 9 35 31
17 47 1 12
37 1 17 44
41 2 2 47
3 6 41 32
49 20 26 26
16 17 47 49
24 26 23 49
1 29 42 42
11 44 20 19
31 42 48 27
22 1 45 20
12 48 49 32
49 6 10 46
48 11 1 18
1 4 50 33
29 9 14 13
48 44 1 3
5 25 27 25
39 10 8 11
48 20 50 10
44 27 35 45
37 48 9 1
12 47 1 33
29 48 19 21
14 44 7 15
41 42 46 44
15 1 48 24
13 49 41 35
43 14 35 38
32 2 27 22
8 41 31 17
13 19 49 14
27 45 45 19
9 50 10 15
13 21 32 35
30 6 12 25
35 8 17 30
19 37 39 28
38 28 43 8
35 30 36 30
30 20 12 15
32 42 34 30
13 15 19 45
13 20 41 31
26 25 20 41
11 6 30 5
24 22 9 23
28 45 35 18
17 21 48 15
2 17 21 8
7 13 35 29
50 24 34 2
31 26 44 30
0 24 15 12
46 24 28 44
48 3 11 30
50 1 18 5
23 10 10 6
0 40 22 45
29 38 43 22
38 49 17 44
1 34 45 24
21 44 2 40
17 5 39 20
40 50 22 23
28 6 34 23
26 4 19 47
41 48 28 21
46 45 46 31
39 6 50 4
19 35 39 5
31 48 5 8
32 45 27 45
16 20 36 42
15 28 15 9
32 39 1 16
34 32 4 12
35 37 28 8
8 11 43 35
40 17 9 25
33 42 35 2
30 3 29 1
37 13 30 48
48 19 6 10
34 17 50 36
37 30 10 40
44 32 35 10
14 22 5 26
20 33 23 50
17 18 13 28
31 11 50 4
18 10 12 20
13 19 21 12
9 31 6 34
3 41 36 1
40 17 47 40
44 34 9 3
47 17 12 16
26 26 38 11
23 45 1 37
4 6 10 16
6 36 31 1
30 25 45 47
16 2 22 43
25 27 32 48
35 32 15 50
15 37 42 33
19 5 17 32
19 37 29 43
4 10 43 43
3 2 45 35
13 38 24 19
19 28 20 4
12 24 14 25
15 43 37 15
38 5 38 42
50 12 30 22
2 31 28 2
41 24 26 12
9 23 47 30
30 30 16 36
7 47 38 22
21 49 36 48
6 21 29 3
34 10 13 46
2 11 2 42
20 41 47 27
32 38 25 10
34 48 43 4
13 39 1 28
5 11 36 15
47 1 22 13
9 4 31 24
48 24 14 3
24 50 1 21
29 1 30 32
14 22 49 32
12 1 9 50
16 15 8 1
42 28 24 46
36 13 28 5
6 36 2 42
40 4 1 47
0 22 24 38
21 14 1 6
31 44 31 8
27 32 18 4
33 47 1 9
43 38 9 31
36 13 11 41
8 22 29 33
30 10 1 45
43 37 48 27
37 29 30 23
30 26 50 49
42 31 24 49
8 49 35 42
0 32 41 15
42 29 37 48
22 32 36 42
10 36 32 45
8 32 33 8
1 2 49 39
34 18 7 21
6 47 50 2
13 1 24 3
47 17 44 18
28 3 16 12
5 15 33 5
49 38 49 47
45 24 28 32
41 43 31 4
40 9 13 2
37 26 10 26
0 23 20 41
15 22 37 19
25 29 24 29
0 19 22 31
1 16 39 6
25 23 13 5
12 47 39 50
49 30 34 21
16 46 3 1
25 43 4 14
37 37 5 26
50 47 11 42
36 21 6 18
25 2 45 37
38 43 8 12
2 13 13 2
17 24 22 9
12 20 20 24
4 42 40 37
34 18 16 3
48 14 25 7
40 32 38 10
17 45 43 6
49 3 23 33
35 36 4 16
34 2 8 11
2 36 9 5
39 42 3 11
22 42 50 20
50 37 37 13
21 28 5 6
46 38 14 19
27 16 20 50
47 39 38 3
13 9 44 43
46 49 13 36
38 49 44 47
29 29 8 2
46 27 31 27
40 5 46 12
22 30 24 8
39 30 24 4
2 2 25 39
27 30 5 14
42 25 24 4
10 21 4 11
20 33 40 21
5 10 17 40
25 19 14 44
10 25 15 29
29 21 12 28
2 45 48 31
24 47 41 47
23 15 8 19
15 28 22 11
1 44 14 43
22 37 21 28
39 18 17 2
14 10 49 1
9 16 3 7
16 6 43 48
3 21 29 40
28 19 38 6
48 28 2 13
14 28 6 14
25 29 1 19
37 33 1 14
25 48 2 1
34 36 17 1
36 17 3 14
20 37 41 18
6 50 14 39
7 32 13 23
17 10 35 48
43 46 17 47
24 6 3 12
45 4 6 49
34 46 49 1
46 39 33 31
12 34 23 26
6 35 32 33
44 45 24 38
30 1 39 17
49 34 9 13
9 21 49 30
4 28 21 24
23 25 24 31
40 10 49 29
36 23 45 15
49 16 32 10
21 5 4 50
6 1 32 21
46 44 29 30
6 28 24 42
15 8 21 15
9 45 22 8
43 29 30 44
33 20 8 3
16 29 9 41
9 16 39 22
37 20 16 16
35 1 20 20
50 41 47 25
32 9 46 14
46 15 47 8
29 20 14 33
0 40 4 17
12 19 10 20
17 5 48 14
30 7 1 29
2 10 41 42
0 26 47 29
30 9 31 1
4 1 12 23
11 39 32 45
43 33 15 3
4 10 42 21
5 34 3 45
17 27 10 6
38 43 6 41
49 41 21 29
45 39 38 10
11 33 18 47
10 15 20 40
24 33 35 7
41 7 12 45
21 9 16 22
13 4 49 12
48 23 45 12
18 12 6 13
48 37 6 24
3 41 30 43
16 18 2 43
24 47 2 19
17 21 33 36
2 44 4 42
8 36 10 40
21 41 7 1
12 36 49 23
40 1 13 12
32 47 43 14
20 2 30 15
50 42 49 29
31 32 40 41
24 10 8 9
28 10 1 1
11 13 9 37
4 37 31 14
36 6 6 36
42 28 29 48
3 45 2 1
37 22 4 29
28 2 22 25
22 20 13 12
22 36 26 33
21 1 40 6
42 40 5 34
33 3 29 24
19 39 48 49
21 11 5 44
26 32 14 50
11 26 16 1
19 22 43 5
3 14 26 30
41 2 21 9
49 27 15 36
44 35 25 14
42 42 36 43
37 3 33 17
13 24 48 4
27 23 13 33
20 1 25 5
9 50 19 42
2 18 25 4
19 32 34 17
14 22 14 4
28 9 15 39
11 7 14 36
31 49 2 45
44 4 40 1
28 22 32 12
1 8 11 3
40 21 17 40
16 26 4 6
16 11 28 37
1 14 48 11
22 26 18 24
50 1 2 22
39 48 6 45
42 47 1 34
19 42 9 47
40 32 7 38
10 7 19 4
30 23 8 20
47 2 34 34
38 37 25 30
5 39 11 12
36 14 9 22
18 50 17 25
25 24 4 38
21 14 44 38
7 12 3 32
37 12 40 4
47 26 34 17
20 49 12 47
38 30 9 20
41 42 47 17
22 39 9 41
41 7 33 14
28 43 41 18
4 12 38 34
18 42 38 33
9 11 15 1
45 23 25 10
40 41 40 24
48 50 19 21
0 27 39 8
45 15 38 17
34 15 17 35
32 34 1 28
6 28 32 47
20 32 9 33
42 35 45 14
3 16 33 24
39 40 14 38
3 5 45 48
16 14 43 13
31 33 29 21
7 46 11 30
13 4 16 38
49 31 4 40
21 38 17 25
50 12 3 5
3 11 48 16
1 22 34 50
3 45 15 44
14 29 35 18
11 50 35 21
20 7 12 40
27 46 33 7
19 34 33 21
37 32 38 18
2 13 44 32
1 42 7 30
32 16 42 31
8 40 49 2
48 41 43 27
13 22 16 13
43 27 20 15
17 29 3 9
12 5 11 39
10 9 1 4
12 14 38 40
29 11 42 14
43 41 31 33
44 49 17 7
41 44 8 41
3 37 48 24
15 24 15 34
14 32 28 44
19 6 41 13
21 40 22 3
35 26 44 34
25 4 43 5
6 2 9 28
10 14 24 36
0 36 46 49
6 28 8 36
40 34 45 10
1 47 9 25
35 27 48 18
39 27 38 24
12 34 9 41
25 1 45 43
36 23 8 38
18 7 8 11
27 43 26 50
24 1 33 27
14 42 30 8
46 39 9 18
5 11 50 32
26 48 38 41
41 18 39 43
6 30 42 5
1 43 24 24
28 21 5 11
43 44 33 40
23 15 20 17
5 43 1 23
32 42 50 22
32 7 32 20
43 8 30 4
16 26 34 32
48 33 32 30
21 50 8 28
50 20 33 43
6 31 36 30
11 25 20 17
5 43 27 20
13 3 32 3
0 2 14 22
12 47 29 44
41 12 9 20
46 5 37 2
1 7 10 21
43 32 5 35
25 28 9 18
37 3 23 1
2 30 4 19
29 12 24 46
22 41 6 1
10 2 2 21
