719 3
31 42 15 34
21 10 8 5
15 13 30 36
35 27 21 12
31 42 22 5
15 13 14 32
44 3 34 27
11 38 49 41
35 15 44 24
47 10 50 36
16 44 16 10
43 11 17 45
34 4 18 6
8 5 1 29
41 4 28 26
19 40 38 10
43 34 24 12
4 38 12 2
21 45 23 36
13 29 17 37
5 24 47 12
9 18 45 42
46 36 29 31
3 44 25 47
33 40 13 18
45 13 32 14
9 34 13 50
5 18 42 21
43 5 23 35
7 50 31 34
19 46 27 36
43 8 45 25
10 50 19 40
31 15 35 24
36 30 44 6
48 30 4 10
4 3 22 37
32 25 15 7
32 22 31 35
34 20 6 46
10 12 19 48
30 43 40 5
10 27 26 50
38 31 49 43
2 10 49 24
29 42 32 1
7 48 1 37
33 17 19 49
39 28 11 20
3 27 23 43
6 21 11 7
30 9 10 43
39 22 34 32
21 24 39 41
6 21 41 7
46 48 39 38
30 14 39 48
35 20 5 15
22 2 3 5
36 48 14 41
48 4 41 44
46 17 44 15
40 16 7 25
46 3 22 32
31 34 6 20
47 11 49 8
30 14 30 45
7 14 20 45
37 3 33 11
29 38 48 5
15 5 49 16
29 32 33 42
12 35 42 29
18 42 41 43
18 19 11 37
26 16 34 36
6 45 19 47
25 5 42 12
25 6 18 46
49 34 31 25
7 35 33 13
29 2 26 9
4 24 36 26
45 24 35 28
33 38 49 25
3 1 8 8
25 25 43 49
49 26 50 46
26 19 46 21
9 1 11 1
27 33 28 48
15 7 48 18
2 6 36 6
40 19 27 44
39 35 36 8
22 40 7 44
41 3 49 47
20 31 4 2
47 42 21 37
17 34 21 20
24 30 39 10
20 39 48 46
1 33 1 35
2 7 5 30
10 19 4 6
47 21 42 43
37 23 37 23
48 45 33 45
45 25 1 16
38 24 43 11
9 15 46 25
1 2 22 47
10 16 42 16
43 8 20 41
42 31 42 20
39 39 31 1
39 11 28 26
44 16 1 29
7 27 29 40
19 33 27 34
13 4 47 32
12 11 6 11
1 31 42 42
36 15 40 47
36 31 4 38
16 49 39 11
27 50 7 4
3 2 1 14
15 42 3 37
3 24 5 28
17 21 49 45
26 49 44 19
8 15 35 34
23 32 8 4
17 47 26 19
30 42 30 12
26 35 24 17
1 11 18 42
28 28 37 21
47 19 37 48
13 27 13 32
30 2 18 49
4 46 22 9
36 36 35 48
43 12 13 13
15 19 22 36
9 22 47 46
15 6 10 15
7 20 35 7
33 5 42 37
36 41 50 28
13 22 7 33
44 22 38 48
10 33 40 24
6 19 48 50
42 1 6 43
27 22 38 27
35 42 21 47
19 26 12 39
13 1 44 29
15 14 45 34
17 14 44 11
39 38 4 23
42 50 50 19
15 34 4 39
11 44 23 30
47 40 1 12
23 4 21 37
38 12 3 1
49 26 8 45
13 25 19 3
50 33 5 4
31 47 33 36
14 11 3 47
36 12 9 50
30 19 5 45
29 16 14 6
2 43 7 33
36 19 4 2
30 33 45 37
18 24 17 30
47 40 24 25
39 46 18 31
14 48 29 26
25 4 5 16
49 40 4 20
35 23 46 3
33 15 13 20
27 16 42 42
13 45 38 35
30 26 48 13
49 50 50 25
26 26 2 27
23 17 28 49
41 41 3 10
2 10 50 28
2 28 7 2
6 32 12 36
39 41 39 27
4 6 40 5
29 36 35 45
1 23 6 4
30 13 22 6
30 34 42 31
12 18 40 28
21 29 19 26
40 42 50 17
11 8 21 33
18 32 50 2
4 35 28 39
6 33 20 17
50 7 6 22
33 2 3 38
49 26 29 36
21 33 20 30
4 43 20 24
13 17 25 3
34 3 2 13
22 16 4 44
46 42 25 5
18 48 37 17
45 25 3 4
13 10 23 45
42 30 38 27
12 45 45 40
2 10 17 45
18 38 26 31
1 6 39 9
11 10 2 9
30 17 6 11
48 7 15 44
23 15 26 9
24 36 13 38
33 18 42 49
8 19 28 28
30 37 39 34
35 18 47 5
16 13 11 37
24 35 30 2
34 16 27 43
26 5 35 33
50 14 4 1
36 49 50 15
31 37 38 43
41 42 28 25
30 40 18 27
17 37 24 32
21 22 27 34
4 24 36 10
46 15 38 40
20 2 5 26
25 20 26 36
11 28 17 28
29 40 16 44
11 21 14 20
31 42 18 15
44 15 1 41
5 33 4 37
28 20 45 5
50 32 36 4
1 41 44 12
36 25 29 5
21 11 6 20
33 10 27 12
42 28 41 28
14 6 3 5
40 10 12 34
33 43 45 32
10 44 31 23
28 23 22 31
7 35 35 17
37 7 44 34
40 7 40 41
6 27 10 36
33 10 17 5
38 42 50 21
46 32 25 23
11 19 12 11
27 28 37 14
46 1 45 47
33 12 36 14
16 45 5 15
5 6 8 22
37 50 7 20
36 42 9 22
24 44 3 36
3 19 26 5
30 28 20 2
17 6 13 39
47 14 43 14
32 19 21 35
7 14 3 14
2 29 1 34
28 15 31 7
5 34 9 28
3 12 30 11
38 47 36 12
15 13 37 24
49 5 7 50
34 48 9 30
10 11 19 37
8 18 28 41
13 30 4 43
29 21 12 13
4 29 5 39
5 10 47 3
28 14 10 42
11 44 37 45
28 41 47 3
27 45 28 19
28 3 9 27
10 11 5 6
24 38 40 26
36 10 4 18
21 16 10 25
46 12 42 18
33 29 25 30
33 12 27 32
46 27 50 28
1 45 35 20
24 7 46 35
5 32 47 4
48 35 12 24
40 19 44 25
4 7 6 18
23 41 25 11
37 47 43 21
48 26 3 24
49 41 43 50
35 22 18 12
9 47 10 31
8 2 8 49
23 38 18 17
11 38 28 1
13 35 43 46
50 35 8 8
18 22 43 10
8 9 36 39
38 50 48 23
42 48 23 48
18 19 8 38
39 50 2 32
6 24 45 44
18 12 2 38
26 11 45 37
43 35 44 26
25 21 48 38
25 27 36 19
7 34 30 19
17 45 50 27
17 14 19 3
31 9 30 34
22 4 39 34
4 22 4 40
42 27 35 18
50 25 26 28
14 33 14 23
35 16 14 8
36 13 15 23
36 29 21 20
40 3 35 5
21 29 33 6
20 5 39 43
26 42 35 4
40 31 46 38
8 50 18 39
29 36 29 8
37 27 47 5
31 37 8 9
32 35 44 25
38 32 34 41
36 44 40 43
13 28 8 43
10 29 37 13
2 4 11 22
29 3 35 27
19 38 28 26
27 17 4 26
31 49 9 44
40 29 39 17
15 30 41 36
12 40 38 36
17 39 20 15
35 23 4 22
6 29 29 31
33 1 17 50
25 6 20 6
45 34 13 5
36 24 18 35
27 24 23 46
6 7 16 39
22 16 49 33
44 23 24 7
40 11 25 43
17 48 39 23
37 31 23 27
12 37 25 36
13 31 29 28
28 25 21 42
11 41 50 13
44 6 35 12
15 34 20 19
31 47 15 35
38 35 9 37
4 33 32 35
21 7 19 23
13 1 46 36
10 42 33 39
44 4 16 6
9 41 35 9
1 5 36 42
14 11 38 40
22 24 41 20
11 47 16 22
9 38 45 33
44 40 4 9
23 45 40 23
15 27 38 17
43 17 22 24
3 29 7 5
28 46 44 15
1 31 41 20
24 24 41 1
10 24 26 44
18 12 22 43
48 40 9 2
11 5 44 39
24 44 39 48
34 18 46 10
46 14 4 38
8 41 12 44
29 50 35 1
46 41 15 24
40 50 29 33
29 38 38 43
7 32 30 21
34 49 4 31
43 49 17 5
34 4 10 49
18 10 41 11
16 28 32 30
8 44 37 26
2 14 42 9
39 11 45 25
31 33 32 40
20 44 37 27
18 12 7 50
15 19 11 36
6 31 50 4
19 6 50 21
32 37 20 13
47 1 21 10
39 49 21 45
4 10 43 45
38 7 39 22
27 36 48 16
31 8 46 15
5 45 19 13
31 29 33 24
38 20 4 12
46 43 26 18
6 15 40 49
4 7 41 39
15 23 47 12
13 17 45 23
3 38 28 2
44 50 14 50
25 40 1 34
38 15 4 45
5 34 49 10
6 17 6 2
16 19 4 5
8 29 9 35
11 25 31 36
42 3 10 42
10 15 19 40
39 30 45 13
40 38 20 34
21 21 40 45
7 48 30 38
25 28 2 26
48 19 49 3
5 5 39 10
16 49 18 25
13 14 33 38
6 43 29 24
17 41 21 45
40 9 2 6
6 42 24 38
4 28 34 45
22 11 32 46
10 26 39 21
27 36 12 43
49 43 15 26
26 26 7 29
26 33 44 4
4 14 35 16
37 31 8 23
49 3 14 50
24 3 19 43
41 44 23 49
20 7 28 23
8 11 22 19
45 28 41 9
44 33 50 6
44 15 11 13
16 2 7 21
37 14 10 17
33 34 44 42
32 40 30 11
3 14 11 29
43 7 14 21
25 29 1 40
45 28 24 49
46 17 47 6
31 8 39 42
27 35 25 37
16 42 5 39
36 35 24 3
28 28 44 4
28 4 4 48
39 24 10 32
43 49 38 40
21 28 39 49
43 8 43 25
49 16 16 2
11 9 12 9
26 25 21 15
5 4 22 40
28 46 16 15
11 1 36 30
11 28 45 31
46 9 14 18
1 47 38 35
50 4 1 10
40 13 44 44
11 8 29 14
44 37 8 37
4 18 38 50
17 34 29 29
30 44 44 24
33 23 18 31
37 28 27 47
44 25 5 40
34 7 38 6
14 39 45 18
18 17 9 42
20 1 43 28
41 10 16 11
4 14 16 13
30 21 11 10
7 24 39 1
22 11 17 46
18 23 18 41
9 47 5 30
26 48 7 17
37 41 4 27
13 15 35 6
11 21 33 4
4 32 5 48
29 40 18 10
33 9 5 15
41 11 18 39
28 45 50 5
40 33 10 32
31 37 20 25
29 46 43 18
8 25 49 3
35 47 3 26
29 24 35 15
15 37 4 14
8 39 40 9
24 29 11 46
39 40 45 41
40 16 45 32
33 2 3 25
43 18 30 36
3 23 45 11
43 26 11 19
35 8 33 47
38 34 49 16
22 15 31 2
40 39 31 13
38 30 41 21
15 5 24 4
46 26 21 9
35 6 18 19
24 35 40 28
28 42 40 31
24 12 39 31
45 21 16 27
41 37 27 38
49 47 28 28
8 14 44 36
39 1 25 28
29 31 42 34
32 29 26 33
33 20 49 38
13 22 17 27
44 6 17 23
31 13 22 8
16 27 19 7
36 6 13 34
39 48 46 36
33 20 12 1
11 34 18 50
17 50 26 3
19 18 19 3
15 29 40 5
7 23 50 3
6 44 6 45
25 35 39 30
28 33 12 39
23 30 19 5
49 18 35 2
13 12 17 45
18 41 36 13
30 15 14 13
35 5 48 35
28 18 9 41
5 16 6 42
33 31 9 14
37 50 50 28
38 37 13 40
12 10 46 27
24 34 22 9
33 29 29 9
1 7 48 25
49 33 15 16
48 19 26 3
41 28 11 9
46 50 25 11
11 23 31 18
38 31 25 49
20 25 31 3
46 49 7 50
40 2 43 16
3 4 27 50
3 49 43 21
12 50 38 32
21 12 31 44
49 26 11 22
49 29 17 32
4 15 6 13
30 3 32 48
31 21 43 2
37 33 20 10
13 18 45 37
34 27 11 38
19 13 45 1
17 47 2 49
29 34 45 43
22 14 31 34
1 47 22 22
20 16 14 4
29 2 14 49
16 11 29 29
39 39 16 1
40 38 8 50
25 14 50 49
36 1 32 40
40 44 3 21
16 12 50 25
48 28 42 22
12 48 31 13
28 27 50 42
35 31 1 12
28 15 40 44
47 40 21 28
36 17 20 40
9 21 44 35
40 35 21 22
40 36 22 50
50 14 42 17
16 38 11 9
24 38 26 7
32 7 41 8
16 5 30 32
22 21 47 5
36 45 38 25
38 10 22 22
2 50 14 12
20 45 38 13
28 32 15 29
50 24 24 10
9 24 36 12
24 35 37 37
5 47 34 20
15 25 41 37
14 11 33 39
43 39 49 32
14 28 15 13
44 44 40 28
31 17 23 30
7 23 48 28
25 32 22 33
2 37 37 8
22 14 48 13
14 48 38 26
23 14 41 26
10 35 46 20
5 30 42 10
26 5 4 42
24 32 16 18
1 50 49 28
45 40 48 40
44 24 42 6
38 4 12 24
31 1 28 12
5 5 15 7
5 46 47 49
7 8 27 18
37 20 3 27
44 23 40 10
28 10 25 14
48 43 12 31
7 1 30 48
31 14 14 18
28 26 2 6
