1000 3
1 2 3 2
1 7 3 2
2 2 6 4
1 2 2 5
8 4 3 4
7 2 2 2
32 31 6 8
29 8 15 13
25 18 21 38
32 4 46 47
23 30 10 4
39 33 40 19
34 11 41 20
23 38 37 10
22 6 49 29
29 18 32 6
38 2 33 42
41 45 18 25
29 22 24 47
26 13 21 36
31 5 8 13
25 44 22 37
23 31 15 50
41 3 14 36
49 21 29 39
37 29 29 40
23 6 16 16
40 44 45 8
47 24 25 10
36 43 35 16
45 31 37 26
35 13 18 29
35 17 28 10
23 50 13 17
46 26 49 28
35 42 50 18
26 10 29 15
28 32 44 27
24 45 5 15
45 27 48 16
43 5 29 2
29 9 40 36
25 24 32 29
26 20 36 23
42 34 49 3
24 14 15 37
50 40 9 22
31 43 50 45
43 18 41 26
38 5 30 2
22 29 25 23
44 2 44 9
26 49 5 7
20 10 28 4
36 2 12 5
40 6 49 22
29 47 47 8
42 22 37 29
48 14 12 44
40 7 14 24
23 21 17 11
21 23 46 49
45 4 16 22
40 16 17 31
37 7 12 5
30 49 43 44
44 37 47 30
49 28 46 35
41 6 23 33
34 42 17 7
47 6 50 26
36 1 17 10
50 48 48 30
40 8 35 1
40 50 29 4
36 48 22 11
42 14 3 25
24 18 13 21
28 13 26 47
47 29 13 17
34 34 42 18
22 14 29 7
31 5 47 43
38 2 30 50
31 40 23 50
40 7 2 25
43 5 48 43
30 14 43 49
44 1 2 36
39 10 17 46
45 15 12 12
43 1 26 48
48 28 21 38
39 26 13 23
28 18 34 24
26 30 45 44
42 43 25 32
44 47 15 25
38 47 14 28
26 45 33 8
25 5 21 29
35 36 41 39
48 29 44 2
26 8 50 27
21 31 22 20
29 5 16 25
34 16 43 12
35 38 7 30
43 35 43 43
20 33 1 16
25 3 32 10
21 3 3 15
28 32 19 16
27 35 47 41
42 30 50 17
35 5 32 1
49 24 45 25
29 22 50 17
35 44 14 40
45 33 12 19
26 24 36 34
30 27 12 48
36 32 14 5
38 17 7 14
27 25 39 3
36 32 48 24
36 20 47 26
25 32 33 48
43 1 41 49
21 1 31 50
30 37 9 19
39 4 25 7
21 41 10 26
22 23 13 38
49 50 22 36
30 9 8 36
45 38 10 22
46 38 40 18
39 47 2 4
44 21 39 50
42 2 32 46
22 2 23 9
41 48 44 44
31 31 37 28
45 38 46 20
43 20 31 30
22 14 12 5
39 41 43 47
25 23 14 38
37 1 37 7
37 33 6 6
38 37 18 18
48 12 29 26
45 39 20 1
23 28 43 7
48 7 31 34
44 34 43 38
47 26 33 33
32 3 2 43
25 47 27 45
20 26 50 18
29 17 29 41
32 45 35 49
39 21 23 10
45 30 37 6
28 20 28 22
44 42 11 13
24 22 5 14
35 10 35 9
46 2 7 50
45 50 7 17
42 37 46 13
23 24 39 33
38 25 48 19
42 13 49 22
47 43 3 15
50 20 40 14
50 47 49 20
22 26 23 5
38 16 22 48
42 48 37 37
41 18 22 34
34 11 38 23
37 29 49 9
44 45 12 50
50 14 38 32
39 19 44 49
24 2 13 20
22 11 49 30
39 7 13 22
40 7 26 18
37 8 15 40
23 17 2 27
47 2 37 45
40 38 36 47
39 26 30 36
36 10 38 7
31 28 19 35
27 36 37 35
49 16 29 33
38 33 4 17
38 47 14 10
29 43 33 11
38 36 10 12
49 41 48 42
33 29 19 12
40 20 31 44
42 38 26 23
32 4 11 4
30 36 33 45
28 10 25 6
29 25 24 19
44 31 27 28
27 46 8 39
35 13 50 33
46 39 25 11
27 23 25 26
44 24 3 17
43 34 49 49
44 37 28 26
42 10 21 36
50 49 14 9
43 34 22 38
49 26 3 2
20 7 6 48
39 7 35 41
25 30 34 34
30 19 38 8
31 2 41 33
23 45 20 6
34 26 47 20
26 50 4 9
20 32 15 17
43 43 36 2
28 17 46 10
45 43 30 40
41 9 26 4
25 24 2 33
27 29 2 39
39 29 22 17
21 16 44 26
32 17 41 37
32 33 38 6
35 35 38 13
45 32 17 26
26 24 3 19
31 41 33 48
39 40 3 19
42 18 42 28
31 21 23 26
41 26 3 5
37 33 26 42
48 23 38 42
41 5 13 2
32 47 33 17
23 35 39 16
45 40 13 12
42 7 28 16
41 50 23 19
37 12 39 37
34 12 38 5
34 48 30 19
24 26 37 8
44 11 14 7
36 30 8 20
24 17 28 14
45 6 19 9
34 22 44 45
46 43 3 20
34 34 43 21
36 26 5 27
39 16 26 12
46 36 24 43
29 12 7 15
36 23 26 24
30 3 15 42
47 24 32 27
31 23 35 18
41 33 22 26
20 11 47 35
47 45 33 30
35 25 36 30
49 42 39 25
46 17 8 33
30 34 29 5
47 14 40 35
43 40 15 47
47 22 13 4
38 50 19 32
25 32 43 22
38 29 45 9
30 38 38 49
43 13 32 28
48 15 11 18
22 3 23 26
43 26 19 9
32 19 14 37
46 39 12 31
41 11 24 8
31 19 30 48
50 20 27 16
45 29 34 6
43 16 31 42
38 10 2 23
31 9 37 36
22 4 3 35
43 30 35 40
25 46 38 29
39 25 44 47
50 34 48 31
28 5 43 43
25 32 35 46
32 45 3 40
42 22 41 19
44 35 46 48
39 34 47 11
34 12 46 16
44 10 16 10
20 49 28 40
37 44 50 14
24 38 19 44
50 43 26 41
36 9 10 18
44 47 16 4
33 39 43 43
40 6 35 32
49 28 38 3
33 8 30 29
45 7 15 10
35 2 13 41
37 20 47 14
37 11 6 10
47 18 8 28
22 39 5 28
40 5 12 31
37 5 35 20
30 46 15 37
50 46 20 23
32 48 7 49
27 19 17 31
32 9 41 4
23 25 35 21
33 14 21 14
27 10 20 47
39 47 21 10
23 15 24 33
32 22 14 23
31 44 27 19
48 13 35 12
35 18 41 44
45 13 45 13
41 50 31 28
23 27 23 20
29 34 35 37
26 44 25 9
43 24 20 8
48 12 43 4
23 28 11 22
35 5 34 36
41 35 27 3
28 46 19 15
32 40 14 1
27 33 24 21
22 22 11 47
43 40 8 46
39 7 50 48
45 4 26 12
29 6 34 19
23 30 36 5
47 12 40 20
38 30 4 14
43 38 25 11
38 34 34 6
20 19 46 37
23 37 34 45
36 26 46 22
36 26 1 14
39 19 41 24
26 34 46 47
46 38 40 20
44 15 19 5
26 14 15 44
43 2 29 2
37 7 49 28
33 20 31 33
44 20 4 34
45 24 38 49
46 24 23 21
27 21 46 41
22 49 46 4
48 23 23 45
35 49 39 12
31 44 2 49
24 42 8 19
26 1 47 20
31 41 13 47
29 1 31 10
36 33 40 1
48 41 22 30
31 1 42 17
36 48 17 28
44 21 9 21
47 41 31 22
29 38 15 37
20 40 15 7
45 13 18 40
48 14 15 42
26 23 28 46
29 8 50 34
28 45 13 10
47 50 4 16
49 13 42 26
34 49 27 47
21 26 15 49
45 44 49 9
27 44 27 32
47 47 38 11
38 50 34 26
31 3 4 26
47 31 42 31
50 38 8 23
50 20 7 2
23 11 47 23
48 6 27 44
22 12 3 24
34 45 30 38
48 15 36 15
24 20 22 14
33 1 27 30
29 36 1 48
31 38 31 26
47 50 50 29
20 3 36 46
21 17 41 32
49 43 38 37
21 50 47 42
28 16 5 14
28 1 7 10
26 5 4 19
27 34 37 44
38 41 40 17
37 11 32 30
35 20 10 11
50 39 17 35
41 38 36 33
32 22 18 45
47 45 6 19
32 6 1 11
36 27 30 47
34 47 11 33
39 2 14 47
38 16 47 2
23 35 43 22
48 21 36 31
37 22 48 32
24 4 20 50
41 3 46 49
33 9 49 25
23 26 37 13
21 47 37 33
37 29 31 50
22 1 49 50
37 18 13 11
33 10 4 35
47 3 48 21
37 42 33 41
21 50 22 14
22 39 31 2
36 19 21 17
25 28 2 45
47 21 7 21
33 46 29 36
40 40 25 16
23 34 38 36
37 8 27 40
33 29 16 42
39 41 24 24
44 27 7 23
46 36 22 36
20 3 12 29
36 30 29 2
45 32 33 28
40 7 43 39
34 26 50 12
27 6 9 15
44 23 18 11
25 25 3 32
22 32 29 31
30 21 10 36
29 50 36 1
49 16 37 44
48 21 14 17
43 25 13 8
43 9 4 22
50 5 10 49
46 2 49 43
36 9 43 18
47 24 11 2
30 49 11 2
28 1 21 8
33 48 31 31
32 41 14 30
50 4 22 45
45 24 21 46
21 3 43 20
45 20 2 12
39 7 6 43
20 46 22 19
20 23 48 28
31 1 36 45
42 20 13 4
39 30 48 6
31 7 7 38
37 47 45 43
41 41 19 49
41 22 17 17
33 3 2 37
47 31 33 47
32 43 5 40
23 29 17 42
49 2 43 30
34 29 48 37
31 39 20 12
45 8 37 11
42 2 44 9
35 41 18 24
34 22 24 21
46 5 18 29
38 7 26 41
33 49 38 9
44 15 33 31
35 26 50 41
41 28 19 22
42 17 49 39
25 14 31 44
26 21 23 16
33 9 34 32
41 20 14 30
38 25 21 9
39 41 11 41
21 29 42 12
25 17 50 14
48 14 43 41
43 17 18 12
28 44 24 13
38 4 13 17
34 22 27 43
22 8 38 49
21 44 31 48
45 26 27 10
40 4 11 26
41 21 3 44
46 7 18 2
34 6 30 1
34 9 5 29
22 44 34 6
40 22 18 21
27 35 19 7
25 44 40 43
30 22 35 13
27 4 42 48
30 15 26 10
45 6 42 22
29 33 38 42
34 2 14 1
37 29 36 42
42 21 5 2
37 38 24 15
28 3 30 40
22 9 6 41
33 46 1 38
42 39 23 10
47 26 48 47
25 7 48 21
46 34 43 7
21 26 17 23
34 30 15 45
45 20 48 5
49 17 50 31
33 50 33 24
34 21 43 32
25 5 37 47
40 43 35 42
33 3 43 50
33 14 46 13
42 15 16 44
25 25 36 7
27 40 48 11
33 34 19 25
38 31 3 31
50 7 16 11
24 26 46 30
31 31 48 17
26 4 1 24
32 49 39 9
43 36 42 2
28 5 41 8
27 32 5 7
42 35 1 44
50 32 8 25
46 28 16 16
34 27 9 26
40 24 23 1
44 1 40 5
23 5 36 2
40 40 12 45
48 20 45 44
39 11 22 5
45 48 21 44
21 8 14 44
34 45 32 34
37 35 11 45
31 41 18 41
44 32 47 39
22 12 11 20
21 1 50 26
42 45 46 44
34 26 46 5
43 46 22 49
49 32 21 23
39 38 29 37
41 12 4 14
48 24 19 50
39 6 5 30
37 45 35 22
23 6 11 33
43 15 17 35
32 42 23 42
45 24 9 37
28 33 5 17
38 47 18 1
23 32 32 50
27 39 27 10
39 1 2 23
29 38 26 10
32 41 4 3
34 50 7 8
23 31 19 39
36 23 3 34
28 6 39 35
37 5 24 15
38 8 43 9
36 23 18 6
39 28 27 33
50 30 39 9
46 20 2 16
30 44 13 44
42 2 36 48
47 32 3 45
22 39 45 36
49 46 7 20
45 20 41 38
32 16 49 14
48 1 27 38
37 44 13 12
39 3 20 20
37 9 25 43
36 50 12 13
35 23 28 45
24 45 9 23
49 2 2 5
46 22 40 27
31 50 15 46
47 31 50 4
36 28 34 50
39 20 45 35
43 4 39 11
41 48 7 50
45 5 37 5
34 15 24 12
24 50 35 6
24 34 48 22
36 41 15 9
49 18 21 10
38 32 20 23
28 42 11 41
30 45 11 38
39 35 49 3
32 37 42 15
26 30 1 44
26 42 1 38
43 46 25 14
35 29 32 48
23 19 15 7
32 1 16 8
21 8 1 18
27 31 2 25
45 21 34 38
26 42 24 9
44 36 42 39
21 26 26 13
28 39 10 24
34 14 33 27
33 9 49 31
43 23 39 49
22 41 34 48
26 19 46 27
23 6 14 2
26 24 24 31
32 4 34 10
38 21 15 21
24 3 22 3
21 43 23 6
27 14 39 16
30 23 22 10
24 35 40 36
43 17 30 39
44 8 45 3
22 31 14 22
29 48 6 29
37 18 7 44
20 14 3 47
30 13 18 36
50 33 7 18
31 38 32 48
23 14 8 14
31 8 3 41
26 47 50 9
29 40 50 19
31 50 36 27
26 31 3 37
44 31 27 15
24 7 24 8
45 35 13 29
32 7 6 46
37 33 14 28
45 9 22 6
40 49 45 37
22 46 26 5
29 36 13 6
49 17 24 44
20 42 49 42
42 14 32 18
21 44 15 34
37 31 20 47
45 7 11 32
37 16 38 33
24 2 7 38
29 43 14 7
20 38 32 23
33 28 49 33
28 9 22 44
33 27 48 19
46 37 8 47
49 37 8 37
43 42 18 47
31 7 49 14
33 26 9 50
33 1 11 25
38 24 39 37
46 24 49 47
50 24 18 25
46 38 49 4
28 1 38 39
43 41 32 48
46 2 14 38
24 8 2 34
39 13 11 13
46 33 22 26
28 42 2 42
37 20 43 14
32 9 34 36
40 3 34 25
38 2 32 50
25 26 43 36
22 39 10 31
37 19 9 20
47 35 17 31
23 6 40 3
42 50 35 43
21 42 4 50
35 15 32 40
34 7 10 26
20 40 43 12
27 23 12 45
23 40 46 37
27 45 6 48
36 29 6 42
36 2 2 6
47 20 32 19
36 22 21 17
41 30 10 3
27 20 3 48
21 24 45 38
31 20 41 14
34 14 28 2
41 13 37 14
50 8 43 32
43 47 2 17
39 10 22 46
50 38 49 14
40 35 41 40
20 22 36 15
47 31 25 43
50 45 27 14
46 35 41 25
35 3 50 1
25 29 38 38
37 36 42 25
30 28 4 42
39 7 35 41
47 49 47 49
50 4 42 10
34 34 9 11
31 5 31 25
23 20 16 43
36 47 19 4
41 13 43 24
37 38 50 35
21 15 47 30
29 19 10 50
50 26 40 19
41 25 45 36
33 23 20 12
33 11 25 35
50 26 18 23
34 1 36 39
33 47 4 24
22 40 40 10
42 46 47 41
22 45 30 32
29 49 40 27
49 38 3 35
20 3 30 30
21 44 1 22
45 4 20 38
30 15 10 39
32 45 14 13
24 36 35 42
42 26 14 33
30 16 38 44
42 42 39 42
24 49 21 38
43 45 29 34
47 26 3 26
37 34 4 38
49 15 32 32
31 45 2 5
44 28 39 4
43 43 27 13
28 35 12 32
50 28 28 27
41 32 26 4
50 11 8 38
37 49 39 44
25 6 36 3
39 35 22 41
21 49 37 31
37 35 3 42
21 8 33 20
37 25 13 33
26 39 41 10
34 23 6 35
32 40 4 21
25 45 38 44
22 35 35 2
50 46 45 32
35 16 39 19
41 15 44 33
22 24 46 34
22 8 9 45
24 48 17 16
32 23 29 11
48 12 33 19
39 3 43 35
22 15 43 25
28 9 39 26
32 4 9 4
30 16 30 21
32 26 13 15
41 32 25 2
27 21 43 45
45 27 31 49
34 30 30 45
25 3 42 13
46 32 50 50
44 3 6 48
45 16 11 8
21 30 43 45
30 24 46 30
36 37 20 10
28 39 2 46
47 1 50 18
49 42 22 13
37 36 31 48
28 18 30 26
23 44 38 25
33 29 19 31
45 42 20 37
45 9 33 42
28 36 45 16
29 30 28 49
50 13 31 17
49 32 2 31
37 46 45 48
49 10 46 42
25 22 3 27
34 25 4 47
40 22 8 47
37 4 9 39
25 27 26 24
50 14 46 17
31 50 27 27
45 48 3 35
46 25 39 31
20 45 43 28
20 1 16 26
34 30 44 35
33 2 42 18
46 7 26 39
49 34 23 7
43 32 23 20
26 23 48 17
37 18 14 39
44 4 13 19
34 28 5 1
38 50 39 4
40 41 39 46
31 13 40 38
28 36 18 46
43 11 24 4
22 40 40 49
40 19 20 20
26 23 12 29
30 47 30 36
41 19 6 15
28 36 37 21
37 9 30 19
39 38 41 47
20 28 2 34
38 18 7 33
44 1 13 8
31 13 37 24
40 14 41 48
36 19 13 36
22 17 4 34
42 8 27 39
34 5 21 16
29 50 29 13
46 27 23 38
42 49 19 25
24 50 27 15
26 37 28 39
35 32 32 3
24 23 20 42
36 5 49 39
23 46 13 44
39 19 40 44
45 2 14 13
41 38 20 4
27 2 41 44
38 24 16 43
36 30 48 38
23 18 12 26
36 35 46 1
42 32 37 41
26 44 21 41
27 20 2 21
27 17 25 15
38 41 31 47
44 33 42 38
36 22 30 9
45 16 32 8
42 35 33 6
42 45 27 45
30 39 6 7
28 32 19 34
32 34 29 13
28 33 29 9
20 3 43 43
22 13 21 26
27 41 15 12
44 25 41 27
45 36 35 33
25 16 45 12
24 16 48 12
43 40 13 43
30 44 38 24
23 10 41 13
42 29 19 26
43 30 28 29
41 3 47 23
31 35 14 21
30 25 27 41
36 2 34 15
41 21 1 27
34 2 11 29
25 14 47 28
42 45 31 48
25 25 10 33
38 40 18 37
44 34 24 33
43 32 17 39
45 9 44 3
35 19 42 30
30 10 22 23
26 18 45 43
23 43 14 43
21 20 34 49
40 23 36 41
