300 3
41 41 40 37
5 37 45 37
10 31 32 30
31 36 37 37
44 31 30 32
16 46 45 48
3 35 37 35
33 31 32 30
34 28 29 28
35 32 31 33
44 36 37 34
44 23 26 23
25 45 47 39
48 48 47 45
16 38 40 39
32 35 42 42
37 28 30 30
8 32 26 32
33 44 49 46
30 47 38 40
6 37 37 44
18 34 37 39
26 47 46 49
0 35 39 38
37 42 39 38
40 25 27 25
30 34 36 34
50 48 48 48
32 50 50 50
5 38 36 34
41 46 46 45
0 42 42 40
32 31 31 30
12 37 38 45
33 48 48 47
22 27 27 26
14 31 24 26
34 40 39 40
1 27 27 27
0 36 32 35
41 27 28 24
45 37 36 40
8 31 31 34
39 31 28 34
27 46 45 45
23 36 35 39
45 44 48 45
10 43 43 43
50 38 37 45
34 34 31 32
47 39 38 38
2 27 32 23
22 33 29 33
15 43 39 40
45 28 29 29
7 36 35 36
2 43 42 41
0 25 26 29
40 37 33 33
13 49 46 46
25 38 41 40
26 27 28 31
5 38 39 39
6 49 48 46
33 29 35 37
16 40 36 40
13 25 24 32
17 41 41 42
37 39 40 38
4 50 45 44
8 41 49 50
39 36 36 36
29 36 37 32
48 50 50 50
43 30 27 29
50 45 44 50
12 50 50 48
42 45 43 42
15 35 36 33
29 41 41 41
45 39 38 40
26 32 34 32
12 39 39 42
13 35 34 32
39 34 32 36
8 43 47 49
19 47 43 47
32 47 50 46
8 45 50 49
43 39 38 38
12 50 50 49
3 49 49 47
44 40 46 39
1 34 34 34
29 47 46 50
16 50 50 49
2 42 47 49
42 24 24 28
30 23 24 22
17 32 31 40
39 34 36 36
5 40 35 37
49 38 44 39
27 47 49 48
9 31 32 28
36 49 49 47
3 28 32 31
11 45 49 49
2 42 43 47
48 42 42 44
23 44 42 48
32 32 33 35
47 47 47 42
49 50 49 45
48 50 43 50
15 30 34 33
2 46 47 47
18 40 41 41
48 47 46 48
39 25 28 29
16 36 37 37
30 33 32 34
32 50 50 50
21 50 50 50
17 37 32 38
32 34 38 32
42 44 44 44
19 39 38 38
2 31 33 39
16 26 30 32
14 44 44 45
28 49 46 41
9 45 45 45
49 32 33 35
43 25 27 27
13 31 31 23
48 47 48 50
50 36 40 44
4 42 46 45
15 36 38 35
4 50 46 47
47 39 40 38
9 47 45 44
30 34 36 36
2 48 47 49
35 34 39 35
28 35 35 35
17 25 25 29
47 25 26 25
24 39 44 40
47 35 34 34
7 49 50 46
17 33 34 36
25 43 47 50
42 42 42 44
47 37 37 38
33 50 50 48
2 36 39 32
45 43 42 43
23 50 49 49
19 31 34 30
35 36 32 34
33 50 45 44
35 47 46 50
26 32 32 32
6 37 36 32
4 46 44 45
12 32 33 32
32 36 36 40
23 47 46 46
40 25 29 29
32 29 32 32
41 29 27 27
4 45 45 39
6 39 42 42
0 44 42 44
12 30 29 29
45 40 41 41
33 32 32 30
4 25 26 29
19 48 39 43
42 37 37 34
2 39 41 40
10 43 44 45
0 29 33 34
41 48 48 50
15 38 38 39
14 41 43 43
22 40 35 39
8 30 30 30
5 39 39 40
1 43 45 43
15 35 34 37
43 45 44 43
8 31 34 36
24 21 23 29
30 41 42 39
38 39 40 41
16 38 38 41
28 31 25 27
29 27 26 27
17 22 25 25
14 43 40 46
9 31 27 33
47 33 32 42
47 37 36 36
46 30 30 28
38 33 28 28
1 45 41 38
9 44 48 48
2 39 40 37
43 49 43 42
30 42 44 44
20 42 41 40
46 25 26 25
11 39 41 40
33 43 43 44
34 50 50 48
33 26 25 27
12 38 33 36
25 39 45 45
6 36 36 37
40 35 42 35
17 45 44 46
2 44 47 50
6 48 50 44
45 29 29 28
39 44 43 47
27 36 31 35
8 44 49 50
8 39 39 35
32 28 29 29
5 24 32 23
41 30 32 33
10 34 34 35
25 38 43 42
21 31 31 32
9 32 26 27
25 44 44 41
1 25 29 27
20 32 35 35
5 48 48 49
34 43 44 42
26 45 43 42
2 39 38 39
20 47 50 50
27 31 30 34
40 36 32 37
31 47 49 45
36 50 40 46
35 32 32 32
33 50 49 50
47 33 34 33
12 37 36 36
30 41 44 44
2 46 46 44
46 43 44 42
41 45 50 50
5 29 29 33
26 39 41 40
34 49 46 46
48 40 38 42
27 34 38 39
39 35 38 38
2 32 33 26
21 33 32 33
20 32 35 34
36 40 41 40
25 34 32 31
38 44 49 44
38 40 40 39
18 48 45 44
46 38 31 36
11 50 48 46
26 35 39 39
2 31 33 27
50 43 48 47
11 32 32 34
42 50 48 50
43 44 44 44
11 45 45 48
0 42 42 44
39 46 42 42
48 47 50 50
6 41 36 40
1 35 34 34
4 38 36 38
28 41 36 36
8 43 43 43
34 33 33 31
7 36 37 35
10 35 34 34
6 40 41 45
42 27 29 28
40 45 44 44
26 32 25 32
38 22 26 25
12 49 50 50
17 35 33 34
2 37 43 37
