100 3
14 29 46 47
26 34 20 1
39 32 19 49
36 35 25 11
13 26 49 5
7 48 49 44
23 11 29 46
10 9 4 12
15 16 2 50
22 11 34 33
25 29 26 20
5 34 48 35
4 50 1 15
50 36 50 27
22 6 43 46
0 36 34 50
30 9 31 4
8 45 47 2
22 37 44 3
33 48 1 32
37 41 43 34
41 1 49 46
19 8 24 38
11 40 8 27
46 41 34 31
31 14 16 20
33 9 23 26
24 27 15 37
14 13 25 22
2 8 2 33
7 41 44 27
3 14 8 21
16 4 3 1
32 31 38 20
21 8 18 46
47 37 28 5
30 42 23 40
14 13 15 34
43 3 43 4
45 40 46 49
31 31 44 8
10 15 38 22
20 32 37 29
17 34 41 15
15 14 46 22
17 29 43 28
0 10 1 17
38 38 28 15
42 9 21 21
46 14 26 28
20 45 5 6
50 50 7 19
45 43 23 9
20 44 35 34
45 20 47 8
40 46 8 20
36 21 49 42
16 18 12 50
29 37 28 50
50 21 22 38
13 46 3 2
7 49 45 4
11 49 3 4
18 40 44 28
14 28 3 35
26 8 31 45
36 35 47 26
38 25 13 16
42 29 23 46
47 16 31 41
17 50 49 33
32 2 26 21
21 11 36 35
30 47 42 39
25 20 35 10
20 2 33 37
4 27 39 2
50 28 15 34
42 24 33 33
24 27 27 7
32 32 37 8
6 43 24 8
1 45 46 43
33 5 7 41
21 42 33 18
46 34 35 20
29 22 1 41
0 1 43 32
17 32 9 47
2 19 50 25
49 30 40 13
24 11 28 7
31 42 16 27
45 48 13 2
5 44 1 14
49 7 36 27
30 18 34 31
49 38 42 48
16 44 3 44
0 10 9 47
