1000 3
18 45 24 42
21 4 36 23
17 20 28 5
40 46 19 6
43 33 5 38
50 10 30 43
36 44 12 19
31 9 22 36
37 13 14 6
49 30 40 1
37 49 10 9
15 33 48 22
49 10 16 23
30 18 38 40
2 4 24 40
16 33 40 11
17 6 48 1
22 12 16 9
4 30 28 23
21 10 9 31
45 19 22 28
15 41 50 20
43 9 11 48
22 19 35 9
20 2 33 29
26 19 33 23
3 28 19 32
47 8 14 29
0 48 17 11
14 46 45 50
10 22 37 23
44 8 31 48
19 8 43 14
43 33 10 21
2 30 39 1
6 21 33 35
41 34 10 13
2 15 3 39
37 38 17 14
36 13 15 5
16 11 23 31
36 30 12 50
5 27 21 39
0 1 8 9
14 14 3 35
45 25 28 41
44 46 38 15
49 15 31 14
8 22 43 11
44 38 34 43
32 48 32 44
26 14 49 30
42 37 24 14
27 30 39 22
35 42 9 40
40 6 1 20
35 24 7 40
22 24 36 37
9 21 40 40
30 1 16 32
40 37 6 26
50 46 12 39
38 23 4 36
6 46 39 34
10 34 16 48
25 3 41 3
32 14 23 28
42 29 15 38
5 20 14 22
42 29 16 3
50 11 34 1
33 22 28 2
26 16 41 31
21 39 36 12
25 33 49 46
19 28 10 47
47 20 6 23
31 18 19 1
18 16 17 12
12 7 47 23
1 8 39 24
48 17 13 35
5 29 21 38
20 30 45 28
9 34 8 7
21 14 21 16
1 9 19 44
7 32 7 25
44 27 9 40
25 38 4 3
43 13 47 46
43 32 21 18
9 42 24 6
12 21 45 21
6 48 30 12
20 33 41 40
7 2 26 39
19 7 35 32
47 45 11 28
13 33 11 21
43 25 36 10
8 11 46 50
12 32 28 3
32 40 46 36
3 18 35 45
40 11 20 36
48 31 29 39
43 32 32 2
40 24 3 44
47 45 34 1
12 31 50 46
49 16 12 42
35 8 4 5
6 32 14 9
40 46 11 38
18 4 14 37
22 9 23 38
7 27 13 32
49 43 34 49
18 45 1 44
43 50 34 1
19 43 20 16
16 35 16 31
43 11 18 19
27 24 45 8
4 29 46 50
35 45 50 46
10 34 5 5
37 31 19 35
3 12 25 5
29 47 38 14
28 13 46 30
48 17 27 34
11 14 3 31
26 1 14 46
4 33 2 41
44 25 18 22
24 35 45 20
44 37 21 38
28 24 49 30
49 30 9 14
3 46 8 14
35 30 42 9
1 24 24 17
40 32 25 8
18 1 40 25
49 25 41 14
43 12 11 26
25 26 48 11
44 30 11 38
9 29 3 8
0 31 24 43
42 35 6 16
30 43 11 46
40 41 1 48
16 25 10 43
35 6 43 45
41 49 50 38
29 14 22 16
20 6 45 7
33 10 2 15
20 43 21 8
20 37 42 6
9 48 41 45
4 13 38 6
14 43 20 26
22 10 5 11
23 6 9 29
9 26 37 48
42 18 31 18
42 1 41 32
10 29 30 33
41 44 44 23
19 14 50 7
15 50 10 18
12 42 5 29
19 36 46 31
16 24 4 13
50 27 34 10
23 9 21 5
15 41 24 26
18 4 44 49
31 40 25 33
4 28 45 10
7 24 12 25
19 29 35 25
23 1 34 10
48 36 12 34
14 32 30 31
37 35 12 22
38 39 50 12
49 26 3 39
18 36 18 39
0 15 7 38
25 42 38 47
32 13 8 1
43 48 7 5
26 20 31 35
36 4 3 50
20 25 6 21
47 7 29 4
29 32 29 40
6 40 9 21
49 42 22 16
17 32 27 1
15 14 43 25
1 46 23 41
16 27 24 26
9 40 47 19
14 22 10 17
43 31 5 9
37 31 19 38
48 39 3 5
33 3 17 49
35 37 33 19
40 1 36 14
26 13 7 44
29 46 25 10
26 31 37 6
18 13 36 9
24 10 5 33
15 42 3 31
49 10 29 48
15 22 28 24
11 30 50 29
0 48 33 38
2 39 13 38
39 42 42 14
10 48 39 3
39 14 25 46
27 18 26 9
28 48 28 37
12 39 17 17
34 6 37 20
11 30 31 28
7 1 23 42
4 16 42 10
36 13 18 6
47 48 12 19
21 3 25 35
20 50 11 26
10 32 38 28
36 36 42 13
33 12 34 28
15 2 7 42
25 34 21 36
43 7 38 15
4 42 49 47
29 48 25 47
2 38 25 47
33 16 2 6
43 49 27 13
29 46 46 30
48 2 8 50
13 31 4 23
45 20 7 11
24 46 34 18
9 24 26 50
45 50 26 24
5 48 27 24
17 19 39 49
20 10 1 17
4 9 31 36
43 19 5 42
17 44 37 28
14 30 49 29
37 4 28 49
29 47 46 9
12 26 46 46
41 41 28 44
39 2 34 19
28 26 50 20
36 5 11 21
28 14 39 26
28 13 15 49
31 33 32 12
8 5 12 12
4 21 18 16
46 28 10 38
42 3 13 14
17 48 11 30
46 15 4 24
38 42 38 10
3 7 22 30
27 23 30 29
37 41 50 2
16 5 13 3
13 15 10 4
28 34 9 31
17 11 9 4
44 31 20 43
43 14 43 10
35 16 43 21
9 32 36 37
40 23 30 46
33 22 7 33
15 28 43 29
7 20 48 25
48 32 43 42
46 34 1 26
39 34 20 44
44 24 30 24
46 34 49 50
13 17 35 14
1 21 46 34
9 16 49 17
18 1 3 17
35 31 16 36
35 12 43 1
33 23 37 35
9 44 49 32
14 5 10 2
36 13 19 23
50 26 32 14
39 30 46 21
46 3 41 42
4 28 34 14
4 8 38 13
28 33 30 1
14 13 10 4
49 34 12 32
4 1 25 3
3 44 24 6
20 32 43 14
27 29 13 36
50 36 11 19
25 30 49 32
50 40 41 25
44 42 42 11
47 44 50 6
32 22 41 34
25 8 5 12
26 10 34 17
7 14 9 25
15 49 37 15
1 40 34 46
16 33 47 12
23 2 45 5
41 4 36 50
0 8 25 6
9 3 35 28
41 49 38 29
37 28 4 37
14 27 45 14
19 33 1 5
2 6 34 16
42 2 35 8
1 21 36 30
40 18 34 27
29 37 15 6
19 5 45 42
13 49 48 45
16 30 48 26
23 15 2 47
13 29 21 17
17 17 46 46
17 30 37 19
16 9 17 45
19 47 11 7
16 9 47 21
25 7 27 30
41 42 5 9
26 30 46 21
10 37 37 2
29 1 3 50
17 16 46 17
23 34 20 43
1 14 28 29
47 42 28 26
17 13 40 16
5 3 33 18
11 11 37 25
31 20 12 1
25 26 27 44
23 36 5 1
45 30 49 46
16 6 45 46
26 4 29 45
31 28 16 3
26 15 41 17
11 16 26 10
12 43 43 21
31 43 27 32
0 36 14 10
28 50 31 12
45 33 49 34
5 2 9 6
34 32 7 21
2 25 25 14
19 36 23 34
26 17 36 30
31 5 33 15
50 50 44 18
27 27 4 44
47 33 18 23
20 14 44 29
0 38 26 16
50 29 11 48
8 23 9 14
31 24 27 23
32 26 31 7
19 17 37 24
2 10 43 20
44 10 31 17
19 26 30 10
13 47 44 20
13 39 12 1
7 8 29 11
3 8 19 44
41 19 41 43
45 2 43 15
39 32 37 10
17 36 47 7
47 7 35 31
46 37 23 14
9 11 28 37
44 37 35 43
5 4 17 31
6 15 9 12
21 49 1 36
3 19 15 48
38 14 45 39
43 21 35 31
33 27 13 18
27 32 35 41
36 23 4 37
28 11 9 4
42 42 23 32
47 12 48 25
50 27 42 36
31 17 19 3
26 49 13 32
28 20 47 30
4 25 39 48
48 49 13 8
15 16 31 25
27 18 10 37
30 15 17 47
42 18 24 14
23 39 27 33
42 32 15 45
13 10 20 39
0 3 2 3
31 21 17 29
17 19 8 3
1 6 3 23
6 49 22 41
42 29 35 28
12 1 28 6
32 1 20 47
4 43 28 3
8 18 23 50
50 49 26 16
30 44 49 15
9 39 8 2
30 12 1 5
3 3 4 25
25 27 11 7
44 5 10 43
12 13 44 28
42 47 33 3
2 9 49 49
28 46 46 32
7 37 48 9
32 14 37 45
42 11 27 32
35 16 22 18
33 27 38 35
3 42 29 45
27 9 39 9
29 37 23 28
32 6 20 29
1 16 28 19
45 28 28 41
37 28 12 18
31 20 11 42
2 14 20 10
18 18 13 46
32 16 42 35
4 30 42 35
23 8 44 26
10 13 14 1
7 9 9 49
35 31 24 19
45 30 44 8
24 28 42 24
25 5 36 47
15 1 10 31
26 39 2 36
26 50 35 38
48 14 22 4
14 16 1 8
46 39 36 24
30 19 26 47
25 41 30 18
29 26 16 44
36 31 35 25
23 22 7 17
42 15 23 12
34 14 50 7
28 9 37 5
35 20 45 36
24 5 27 26
44 44 47 20
2 16 4 33
5 30 42 15
42 43 40 13
23 46 10 23
29 26 3 2
14 37 19 24
14 4 11 45
47 1 5 48
50 27 36 32
16 22 45 37
17 7 40 30
12 50 47 29
22 8 12 43
25 3 16 31
32 40 10 32
30 19 49 9
27 8 33 36
30 47 4 33
39 37 8 16
10 38 36 50
14 19 43 14
47 26 1 2
25 7 35 6
40 34 34 13
9 1 17 31
38 43 11 17
16 33 12 22
38 29 28 18
20 36 47 34
37 4 39 31
47 36 41 17
39 21 47 35
21 23 16 19
0 12 13 43
30 33 29 28
27 28 44 14
43 17 12 35
0 38 50 36
9 38 6 34
21 24 5 31
8 38 17 39
31 30 11 21
50 33 45 15
11 46 33 10
8 49 21 37
27 35 47 4
32 50 17 18
7 33 21 8
39 8 19 14
7 11 26 27
11 21 21 12
3 8 15 45
12 48 13 5
30 31 48 36
50 6 37 49
50 6 36 35
38 14 34 24
32 17 47 11
39 15 16 19
25 40 22 19
29 10 44 21
14 1 6 32
36 19 14 21
19 49 43 1
48 49 18 31
32 3 16 35
48 29 39 6
38 5 35 36
47 43 8 21
6 37 50 24
1 11 28 35
21 48 33 7
50 13 44 2
22 36 17 4
22 3 1 23
24 39 32 19
47 22 23 3
21 17 26 24
6 2 39 3
16 10 49 44
42 33 6 28
14 29 23 23
9 50 16 32
44 24 31 26
1 40 47 26
4 18 48 6
7 48 31 1
14 26 31 25
25 38 27 40
33 42 50 38
27 24 16 49
44 1 42 26
4 18 7 44
6 22 44 13
8 15 31 37
44 39 41 27
21 14 10 44
18 23 25 21
35 11 29 12
28 6 35 7
16 32 14 43
29 38 1 19
13 46 44 29
11 28 20 4
33 41 50 15
44 8 11 42
35 19 4 14
44 26 16 50
16 11 14 34
49 2 26 9
40 36 44 7
37 20 13 19
48 46 44 6
25 9 32 12
3 27 26 43
26 2 50 28
18 3 15 7
34 48 14 2
35 23 50 26
29 24 30 37
43 40 13 13
38 6 31 49
42 36 21 6
14 42 43 43
30 42 30 9
24 44 44 40
20 23 18 46
5 4 24 40
40 4 45 18
49 18 42 36
6 35 22 28
50 21 16 14
41 33 2 8
32 37 5 18
32 3 28 40
17 43 27 37
17 25 14 26
33 5 50 48
45 35 39 26
46 1 5 50
33 44 21 6
4 22 3 11
39 27 13 13
40 8 17 37
32 14 34 40
38 47 12 5
31 38 28 10
20 6 35 41
0 30 19 27
44 24 22 49
18 18 8 5
46 19 6 48
48 22 24 1
28 25 19 36
33 12 47 32
39 46 32 12
23 15 13 1
27 31 35 46
4 18 27 12
40 20 10 24
1 40 32 40
6 5 36 12
10 33 27 25
1 31 9 33
46 40 2 13
15 13 30 25
22 36 17 21
44 40 14 15
39 48 42 39
6 37 46 24
22 1 13 40
27 40 44 40
36 40 27 33
2 15 22 36
4 33 49 12
13 1 4 27
41 32 29 33
35 40 30 12
35 23 23 39
43 33 14 4
41 48 17 23
28 10 2 8
7 18 18 19
14 6 30 46
5 31 20 10
25 2 36 9
50 50 49 19
9 33 46 39
29 6 45 42
35 38 14 32
22 6 50 29
29 18 1 47
48 31 25 35
20 14 13 13
31 19 18 11
45 39 36 39
40 37 24 17
43 34 26 1
17 23 22 42
27 2 10 17
36 41 48 25
46 21 47 26
27 20 46 25
24 46 19 23
16 34 46 49
45 39 1 50
3 30 20 41
44 4 27 50
17 49 39 38
3 10 37 4
20 27 23 35
38 16 42 10
28 2 10 48
38 19 7 21
17 21 48 20
40 29 38 5
34 4 36 1
31 29 14 35
22 26 12 18
11 19 39 45
39 23 48 29
19 32 6 18
48 18 17 46
35 17 29 5
1 16 21 35
5 11 47 7
10 50 48 47
42 18 45 2
40 4 12 5
12 41 35 47
17 7 41 27
24 36 7 17
9 27 36 13
7 10 2 26
3 24 17 28
5 48 26 18
43 11 40 38
19 10 2 41
44 2 7 19
49 45 1 6
12 36 5 21
28 4 8 46
37 50 19 11
2 41 12 6
27 50 8 12
49 17 15 17
25 34 12 46
18 15 39 27
17 33 17 32
13 8 5 14
33 19 35 48
14 48 37 38
9 40 12 10
10 29 11 38
31 26 17 48
20 37 48 49
21 5 38 3
22 50 5 5
22 44 30 18
30 13 39 14
22 32 10 32
39 12 36 37
21 5 25 12
19 46 8 12
20 40 49 8
1 5 36 27
21 39 23 10
15 32 25 13
7 44 15 37
3 43 25 33
12 21 18 11
34 19 19 21
38 8 18 37
10 2 48 17
15 45 43 19
39 34 28 18
3 41 48 16
12 8 4 17
6 4 23 17
32 37 47 50
34 23 35 5
26 11 25 43
1 46 38 26
3 19 38 23
40 24 13 49
11 15 10 34
43 43 7 5
5 22 14 31
21 13 2 23
41 44 6 31
29 24 9 7
46 9 45 42
20 26 23 34
13 7 6 17
40 44 35 4
3 43 34 8
32 6 2 49
41 46 9 13
23 22 23 28
8 41 29 20
17 16 18 15
45 10 28 28
19 22 1 40
26 38 22 33
37 23 31 25
37 48 32 20
49 4 32 38
39 50 2 27
29 15 8 41
30 15 36 39
33 41 33 14
13 33 26 29
0 28 29 42
38 11 50 44
8 19 2 4
19 22 26 28
17 12 44 32
10 37 14 9
0 10 38 41
39 43 4 46
39 29 45 14
24 10 35 42
6 44 18 38
29 30 50 15
0 42 6 11
3 5 6 31
41 11 19 36
44 23 12 9
46 50 3 31
42 12 17 28
28 28 7 23
3 31 11 46
23 12 33 6
30 5 13 44
29 28 24 12
49 10 31 9
3 10 46 5
5 13 41 31
14 44 5 18
8 43 4 14
33 32 5 20
11 47 38 15
45 11 38 50
34 15 44 26
39 37 14 1
21 32 48 38
19 6 7 9
33 34 38 12
19 16 14 14
33 36 43 25
31 1 15 44
22 48 21 38
38 24 29 50
20 32 26 26
24 8 50 38
50 11 24 32
14 4 36 9
37 20 37 40
1 25 28 4
8 3 36 5
42 6 41 30
31 40 19 9
49 41 41 23
37 38 31 43
33 14 37 33
9 30 28 44
19 35 36 17
12 44 41 17
2 44 29 38
10 33 49 5
23 38 31 24
30 48 29 2
44 37 13 43
39 34 40 33
36 11 28 22
45 50 28 10
34 45 33 12
0 32 41 46
33 17 20 40
43 25 21 45
7 47 14 41
12 46 41 45
1 21 27 16
35 45 5 50
1 14 31 31
19 4 48 50
42 40 38 25
45 25 35 19
40 16 40 6
44 30 49 50
16 8 2 50
38 11 32 17
48 16 3 26
30 48 24 8
42 7 27 1
35 18 23 50
17 20 21 8
11 2 9 5
3 6 39 39
18 29 14 27
48 5 44 30
18 21 12 17
15 13 48 11
7 39 15 18
50 43 3 24
30 16 30 31
29 36 16 27
37 31 2 45
1 16 16 34
33 49 35 12
47 26 31 49
33 41 43 36
26 49 30 9
9 20 20 29
18 2 16 15
18 19 44 2
7 24 10 47
4 9 37 22
1 36 17 30
9 1 46 2
20 12 24 1
26 44 12 37
21 38 34 26
7 26 42 35
13 14 8 41
24 26 31 8
45 9 3 15
50 7 8 13
38 39 50 37
38 2 27 22
26 30 27 8
30 42 44 30
49 48 22 20
13 21 12 24
50 33 13 22
45 42 36 46
12 50 19 46
16 37 28 6
32 36 36 17
28 47 47 3
30 24 6 3
30 19 19 39
4 43 49 13
12 44 14 7
35 31 5 45
47 19 35 43
8 30 35 25
6 5 21 18
29 44 15 47
42 44 7 4
28 18 8 2
25 13 12 7
23 15 50 19
29 41 49 35
22 25 26 16
33 19 1 27
31 23 6 47
41 29 10 4
29 13 38 3
27 10 12 13
28 2 46 49
5 11 48 29
15 10 13 44
39 14 5 46
41 9 50 50
13 18 37 44
1 34 41 28
37 47 47 23
23 40 18 44
0 40 35 36
28 47 32 26
47 28 10 6
45 40 34 4
50 18 24 10
13 11 39 47
15 18 44 22
36 21 49 11
33 46 10 34
1 32 50 32
12 12 32 42
36 42 36 32
7 39 34 29
29 40 1 37
1 9 10 45
18 42 6 43
14 47 43 50
35 15 13 37
42 3 24 13
35 30 50 21
19 40 31 9
35 45 6 23
30 5 17 10
4 22 48 13
24 35 23 1
28 44 29 32
24 42 39 35
