495 3
41 13 21 23
0 14 21 22
32 11 22 21
12 16 21 21
33 11 22 21
22 17 23 21
14 16 22 21
34 13 21 23
1 17 22 21
0 16 23 21
41 14 22 23
45 11 22 21
8 11 22 21
39 15 21 23
27 11 23 23
23 12 22 22
45 12 22 23
10 17 23 22
50 12 22 23
34 14 23 22
47 13 23 21
2 12 21 23
22 14 21 23
15 16 22 22
45 16 23 22
7 17 22 23
2 11 21 23
0 15 22 22
40 12 23 21
13 17 21 23
25 17 23 23
26 11 22 22
5 14 22 21
6 17 23 23
33 14 23 23
16 15 23 22
13 14 21 23
17 16 21 22
37 16 22 21
43 13 21 23
12 12 23 22
3 15 22 23
44 12 22 21
1 16 23 23
29 11 21 22
16 11 23 22
2 16 22 23
42 14 23 23
30 17 21 23
17 14 23 23
39 14 21 21
5 12 22 22
49 13 22 21
27 14 22 21
9 12 21 22
36 16 22 21
3 15 22 23
11 11 23 22
2 13 21 23
48 12 21 23
23 13 21 22
32 13 23 22
47 16 23 23
49 13 21 21
48 17 21 22
15 17 21 23
2 15 23 23
18 17 23 21
48 12 23 23
39 16 21 21
16 14 23 23
30 15 21 23
32 11 23 23
21 16 21 22
17 14 22 22
32 13 23 21
42 12 21 22
19 15 22 21
2 13 22 21
16 17 22 23
14 15 21 23
28 15 21 23
9 15 23 23
49 12 21 21
43 11 21 21
13 11 21 22
48 17 23 22
50 17 21 22
4 13 21 23
15 13 23 23
4 15 21 23
47 11 23 21
9 14 23 21
30 15 21 23
2 12 21 22
35 14 21 23
28 16 21 23
17 11 22 23
47 15 21 23
24 12 21 23
47 16 23 22
7 17 21 21
17 16 22 22
25 15 21 22
42 15 22 23
47 13 22 22
33 11 21 22
2 13 23 22
45 12 22 21
23 12 22 23
19 14 23 21
35 13 22 23
33 15 23 22
35 13 23 23
26 13 21 23
6 16 21 22
4 11 23 21
12 14 23 23
32 15 23 23
23 16 23 23
40 13 21 22
32 17 23 23
41 11 23 22
4 11 21 22
6 15 23 21
0 11 22 21
12 16 22 21
45 17 23 23
33 11 21 22
4 11 23 22
19 11 23 21
42 11 21 23
2 15 23 23
10 12 23 23
0 14 22 21
41 11 23 22
15 14 23 22
14 14 22 22
22 12 23 21
8 11 23 21
5 11 21 22
1 11 23 23
15 15 23 23
43 12 22 23
8 16 21 22
24 16 22 22
30 12 23 22
38 15 23 21
16 15 23 23
28 17 22 23
29 16 23 22
17 17 23 21
14 17 22 23
9 14 23 23
47 14 23 21
47 15 21 22
46 15 22 22
38 17 22 23
1 11 21 21
9 12 21 21
2 14 22 23
43 15 22 22
30 15 22 23
20 14 21 21
46 15 22 23
11 17 21 22
33 15 23 23
34 13 23 21
33 15 22 21
12 13 22 23
25 13 22 23
6 11 22 23
40 15 23 21
17 14 23 21
2 16 21 23
6 15 23 22
45 16 21 22
39 13 23 21
27 12 23 21
8 14 21 23
8 15 22 21
32 15 23 21
5 11 23 22
41 17 21 23
10 16 21 21
25 17 22 23
21 16 22 21
9 11 22 21
25 11 22 23
1 15 22 23
20 17 23 21
5 11 21 21
34 17 23 23
26 14 23 21
2 16 22 22
20 16 23 23
27 16 21 22
40 17 22 22
31 15 23 22
36 12 22 22
35 16 23 21
33 12 22 23
47 15 21 23
12 16 21 23
30 14 21 23
2 14 22 21
46 12 22 21
41 14 21 23
5 11 21 22
26 16 22 23
34 16 21 23
48 11 21 23
27 17 23 22
39 12 22 21
2 11 22 21
21 12 22 22
20 13 21 21
36 12 23 21
25 11 21 21
38 14 21 21
38 14 23 22
18 17 22 22
46 14 21 22
11 16 22 21
26 17 22 22
2 17 23 21
50 13 22 21
11 15 21 21
42 15 23 23
43 11 22 21
11 12 23 22
0 16 22 21
39 12 22 22
48 11 23 21
6 17 21 22
1 13 21 22
4 17 22 23
28 13 23 23
8 11 22 21
34 11 21 21
7 14 21 22
10 11 22 21
6 13 23 22
42 16 22 22
40 11 21 22
26 12 21 21
38 12 22 21
12 15 23 21
17 11 23 22
2 17 23 23
35 17 21 22
15 14 22 22
22 16 21 23
30 16 22 22
5 14 23 21
49 14 22 23
17 15 21 23
25 12 22 23
46 13 22 21
26 15 22 21
4 14 21 22
6 13 23 22
43 13 22 21
30 14 21 23
23 11 23 22
30 14 22 23
10 14 22 21
37 12 23 23
23 12 21 22
29 16 21 21
28 11 23 23
24 11 23 22
10 14 23 23
45 13 23 21
47 11 23 22
47 11 22 21
35 13 23 22
29 11 23 21
12 13 21 23
16 14 21 22
25 11 22 22
33 17 22 21
34 15 21 23
22 12 21 22
13 12 22 23
42 14 21 21
26 13 23 22
40 17 21 21
19 16 22 22
27 11 22 22
50 15 23 21
4 17 21 21
11 16 23 23
8 15 22 23
35 14 23 22
27 13 22 21
21 12 21 21
15 13 21 23
32 12 21 21
42 15 22 23
32 17 23 23
2 17 21 23
45 11 22 21
28 17 22 22
0 14 21 23
37 14 22 23
23 16 21 21
26 14 22 23
44 14 22 23
19 16 23 21
11 11 23 21
6 11 22 22
47 12 21 23
2 14 22 23
4 14 21 23
8 17 23 21
28 17 23 22
32 13 23 21
18 14 21 21
9 13 22 23
17 14 22 21
45 16 22 22
14 16 23 21
4 11 23 22
8 11 23 22
39 11 21 23
29 13 21 22
48 14 23 22
43 14 21 23
50 14 21 21
12 15 22 23
42 11 23 23
15 17 22 23
29 15 22 22
45 15 23 23
26 13 23 22
12 12 23 23
13 16 23 21
39 15 21 22
8 15 23 22
19 11 21 23
32 12 22 22
8 17 23 22
1 17 21 21
20 14 22 23
41 14 22 22
43 17 23 22
21 17 23 22
17 14 23 21
25 13 22 22
38 11 22 22
29 11 21 21
16 13 23 22
5 11 23 23
11 13 23 22
42 11 22 23
14 16 22 22
41 13 21 23
28 11 22 21
8 11 23 21
19 11 23 21
29 14 21 23
24 16 23 21
13 13 23 21
37 11 23 22
7 11 22 22
35 17 21 23
5 16 21 22
3 14 23 23
46 15 23 22
45 16 22 21
12 15 21 22
2 12 23 22
30 17 23 21
26 14 21 23
26 13 22 22
40 15 23 22
35 12 22 22
23 17 23 23
8 11 22 22
46 17 23 22
11 17 21 23
47 17 22 23
24 12 21 22
17 14 22 23
41 14 23 23
49 14 22 22
31 13 21 22
29 17 22 22
25 14 23 22
5 13 21 21
26 14 22 22
26 14 21 22
43 12 22 22
4 14 21 23
38 11 21 21
26 12 23 23
43 11 23 22
0 16 22 21
20 16 21 21
34 12 22 22
5 14 23 22
19 14 21 23
14 14 21 22
37 16 23 23
31 12 23 23
26 15 22 21
37 15 23 21
0 11 22 23
34 16 23 21
35 14 21 21
49 17 23 23
6 14 21 22
5 16 22 21
49 15 22 21
46 12 22 23
33 13 22 23
1 12 21 22
39 15 21 22
34 12 22 21
14 11 22 23
40 13 22 23
17 12 22 21
39 17 23 21
35 14 22 21
7 16 23 22
12 13 23 23
24 14 22 22
9 15 23 23
28 16 22 23
1 17 21 21
36 15 22 21
19 16 22 23
48 14 21 21
41 14 21 21
24 11 23 23
25 15 22 22
19 17 21 22
2 12 23 22
25 15 21 23
11 16 23 22
17 13 21 22
19 15 23 23
21 12 23 23
14 17 21 21
14 15 23 23
1 11 21 22
46 11 23 22
38 12 21 21
41 12 23 23
5 12 22 23
10 16 23 22
31 17 22 21
44 14 21 21
16 16 21 21
3 16 23 23
33 15 21 22
34 17 22 23
35 14 23 21
44 16 23 22
44 13 23 23
25 17 23 21
48 11 23 21
16 11 22 23
32 15 22 23
37 12 22 22
8 15 22 21
33 16 21 23
30 13 22 22
6 14 21 21
18 12 21 21
26 11 21 22
0 14 22 21
37 17 23 21
40 14 22 21
30 11 21 23
50 13 23 22
32 15 23 22
5 17 21 22
10 11 21 21
34 15 22 21
7 15 21 23
46 14 22 23
27 12 21 21
46 11 23 21
40 15 23 23
41 16 23 22
33 15 21 22
16 17 21 21
32 14 22 23
40 14 23 22
8 17 22 23
13 15 21 23
11 12 23 21
30 17 23 23
