1000 3
21 40 42 44
28 47 44 43
43 48 45 48
37 39 39 49
30 47 47 50
47 50 43 39
20 47 40 44
50 50 50 50
25 41 43 39
45 43 40 43
37 43 43 42
50 50 50 50
30 49 46 50
25 49 39 41
49 41 44 46
27 43 44 47
29 40 49 42
26 43 41 41
29 48 50 41
24 50 50 40
31 41 44 40
49 46 43 48
35 43 49 50
48 39 47 39
39 40 44 48
43 50 41 42
23 43 41 48
48 46 41 40
23 46 41 40
23 49 43 40
0 50 50 50
23 46 48 44
44 41 44 42
49 42 46 40
42 41 41 49
32 48 48 39
48 49 46 45
23 46 43 39
23 47 43 40
31 47 45 43
47 48 42 44
31 49 50 45
31 45 44 49
24 42 45 46
38 40 46 40
45 49 47 46
49 50 48 48
26 40 39 42
45 48 49 49
48 40 50 40
21 31 29 30
31 30 35 36
26 27 37 34
31 35 33 36
31 29 32 36
40 31 25 31
48 33 28 29
25 36 34 34
36 37 26 33
49 34 26 25
21 31 34 35
44 34 29 37
39 27 36 35
26 30 34 30
30 38 33 38
46 37 37 36
27 36 25 34
39 27 36 29
33 35 30 37
46 32 27 35
50 50 50 50
28 38 25 37
21 37 27 33
49 25 36 30
29 27 29 28
23 36 34 28
41 36 33 33
50 50 50 50
30 27 29 36
46 38 31 27
32 37 30 35
43 31 38 36
45 33 35 26
32 38 28 25
25 38 31 28
26 36 38 31
24 33 38 33
23 28 35 34
50 50 50 50
47 31 25 36
20 34 27 27
36 25 35 28
35 30 32 36
20 27 35 25
33 25 36 32
30 32 31 28
20 32 25 35
42 35 32 25
36 33 25 26
21 29 35 36
49 28 30 28
43 38 34 28
27 36 29 31
44 27 37 30
33 25 35 27
43 37 25 33
47 35 30 29
27 33 38 35
27 30 26 29
20 26 32 36
33 30 29 25
25 29 34 34
30 34 30 36
38 25 38 34
24 30 33 36
21 25 31 35
28 30 31 26
47 26 33 37
35 34 33 27
29 35 38 38
33 30 27 26
30 32 33 33
37 29 38 32
32 27 30 29
40 25 33 28
49 26 35 38
49 31 27 28
31 26 25 28
39 34 38 34
23 34 26 34
47 30 36 38
31 33 36 32
23 27 30 35
36 31 32 26
30 28 30 25
29 30 30 33
40 34 32 32
33 27 28 35
29 31 27 27
41 37 28 25
21 33 32 29
38 35 27 28
44 28 27 38
44 31 36 28
20 31 38 38
30 35 26 35
43 27 32 26
36 29 26 31
40 32 25 25
24 30 33 26
25 40 41 39
37 50 49 39
23 39 45 45
50 50 50 50
48 46 50 44
35 39 42 39
36 42 45 46
35 47 41 41
43 49 48 49
21 50 40 48
28 44 39 44
43 40 45 42
38 49 47 45
22 49 46 49
41 45 39 47
25 43 42 45
44 41 45 40
39 39 49 44
48 42 49 40
31 49 48 49
23 50 50 50
49 46 46 44
30 41 42 44
28 42 48 42
28 43 49 47
24 49 46 43
33 46 42 45
31 47 47 50
28 50 40 41
27 47 44 48
44 43 50 40
39 49 40 42
44 39 39 39
43 44 41 42
44 50 42 41
45 44 49 42
36 39 43 39
40 46 50 50
44 42 43 47
50 50 50 50
20 46 39 44
45 48 39 47
23 42 50 50
25 42 39 46
30 49 46 44
23 39 44 48
43 39 42 43
38 46 42 40
40 39 50 49
50 49 43 44
38 37 38 36
39 26 31 34
30 29 34 30
38 38 37 36
39 33 38 35
48 29 28 25
24 37 29 36
32 25 34 27
30 36 30 27
50 35 29 31
42 26 34 30
37 26 25 26
26 37 25 37
46 28 30 36
32 26 33 27
22 30 28 31
25 32 29 26
26 32 29 33
41 31 31 25
29 36 29 37
38 35 35 32
25 30 27 26
36 30 35 27
50 38 36 31
45 36 32 30
30 29 27 36
24 27 32 33
45 30 28 29
21 33 27 31
43 29 30 29
20 34 34 28
47 38 31 27
29 31 34 25
22 36 32 37
38 28 30 34
33 30 35 27
48 32 38 25
42 36 37 28
48 37 31 38
34 29 29 33
41 35 33 26
28 33 32 31
39 28 33 27
36 32 33 34
40 25 38 36
45 34 28 35
38 30 36 26
41 36 26 30
40 37 35 36
46 27 33 35
21 27 29 31
37 30 31 38
30 26 36 34
22 35 28 33
25 30 38 32
25 37 28 34
40 38 33 38
23 26 32 25
34 32 25 28
49 27 26 27
36 37 37 31
24 32 27 26
22 34 32 32
48 37 26 31
30 35 36 26
49 26 28 31
21 26 26 29
38 37 29 37
34 25 33 27
38 35 25 26
47 26 30 38
24 36 29 31
33 29 34 31
32 25 31 25
41 29 34 35
31 36 33 36
32 26 26 37
29 33 35 32
23 29 26 25
38 38 31 35
41 38 36 36
26 37 35 25
22 37 33 31
42 36 28 25
34 30 33 28
48 32 38 30
24 38 37 30
33 33 30 29
39 33 28 35
44 27 33 34
45 32 35 33
22 33 25 37
26 36 29 31
45 35 34 26
24 25 38 34
31 25 33 27
21 35 29 35
41 27 25 28
40 37 30 27
33 31 26 37
42 49 48 48
40 50 45 39
39 43 45 47
38 44 40 40
21 41 42 42
23 45 47 46
33 50 43 47
47 39 39 44
36 47 43 49
33 48 47 39
42 45 41 41
44 44 48 41
45 49 43 44
22 43 50 42
38 48 46 42
32 50 49 46
37 45 48 43
31 44 41 40
34 39 48 49
50 50 50 39
43 49 46 47
50 42 39 44
23 45 40 45
40 49 50 41
48 46 45 42
30 50 46 41
40 50 41 48
23 48 44 42
43 44 41 41
37 48 42 49
29 39 47 41
49 50 42 50
33 46 45 48
32 50 39 50
33 50 41 50
35 40 42 46
32 39 39 46
40 42 50 48
22 41 41 42
26 47 41 42
44 50 48 39
29 40 40 48
29 42 46 43
34 44 42 40
24 40 45 39
49 44 45 41
48 48 42 47
20 41 46 42
21 49 46 47
20 47 49 45
34 34 34 32
38 25 29 32
30 29 35 27
50 27 25 38
26 33 30 27
25 35 32 35
50 27 30 31
33 31 27 29
46 27 25 36
27 2 8 12
20 36 26 36
46 37 32 26
39 34 29 25
40 33 32 26
48 32 38 32
29 27 37 33
41 35 36 26
25 36 37 29
45 30 28 38
42 33 30 27
44 26 31 32
44 35 33 33
33 36 30 30
36 33 33 33
32 27 32 37
32 28 33 26
36 33 28 31
21 25 37 36
48 32 30 33
23 25 34 35
33 32 31 31
45 30 27 30
41 30 36 29
50 35 37 31
42 35 32 28
34 27 34 29
21 38 30 29
28 38 31 38
41 28 34 36
34 27 31 33
40 30 26 30
35 25 30 34
50 37 25 32
35 26 38 38
39 28 36 34
24 36 31 28
39 31 35 28
28 32 34 27
29 36 33 32
33 27 31 31
35 37 34 37
25 32 33 30
41 36 25 32
49 33 35 28
33 36 29 30
33 28 30 36
31 26 31 38
34 37 25 36
31 26 29 34
37 31 31 33
30 32 26 27
23 35 31 30
34 33 31 25
50 37 31 34
21 34 36 30
37 28 27 34
48 29 26 38
42 33 38 33
24 35 37 36
31 30 25 28
49 31 31 25
21 31 32 27
49 38 33 34
49 32 34 31
30 33 26 34
37 26 25 28
32 29 28 31
20 29 33 38
20 35 25 25
41 33 30 38
30 32 33 29
32 38 25 29
43 31 30 34
23 38 25 27
37 31 32 38
23 28 28 26
38 36 36 36
21 33 31 27
36 33 36 28
50 33 32 25
25 25 26 34
28 28 32 25
46 26 36 30
21 35 25 29
25 37 27 38
44 1 2 4
29 25 33 29
34 29 28 27
26 30 37 32
23 26 25 29
26 42 47 46
31 46 46 50
41 39 49 44
23 39 41 48
25 46 48 45
47 44 46 40
42 44 40 41
28 45 45 39
24 43 48 44
40 39 47 50
43 39 50 41
43 41 47 49
33 50 45 48
34 48 41 42
41 46 45 45
40 44 42 45
33 44 49 44
31 43 45 39
46 48 48 41
44 46 42 48
50 45 44 39
29 41 39 43
45 48 42 39
27 42 42 42
47 45 43 39
40 42 40 41
28 47 43 41
38 44 40 42
44 42 42 47
44 43 47 48
21 44 45 42
47 49 41 45
47 39 45 41
34 48 39 41
32 39 40 41
24 46 47 49
45 46 50 48
42 50 43 43
28 45 44 43
28 46 45 39
47 45 48 41
49 45 43 45
48 40 42 40
44 40 40 39
27 48 44 49
23 46 45 41
49 45 50 50
32 41 48 41
20 44 42 41
26 40 44 43
33 29 31 36
28 30 38 28
24 25 32 34
23 27 26 34
47 37 35 27
39 32 30 26
37 31 36 35
20 36 28 31
43 27 25 33
38 25 29 34
23 35 31 30
25 27 27 25
33 36 32 29
23 29 25 32
23 33 29 29
48 25 37 34
31 38 30 29
43 30 28 35
49 31 35 35
30 25 25 29
30 31 29 34
33 28 32 35
21 37 32 36
26 38 33 29
49 33 33 33
44 30 32 33
23 34 25 28
47 25 26 36
34 29 26 27
30 27 34 32
31 34 32 27
37 33 26 28
21 27 38 36
34 25 32 26
38 31 32 35
48 28 28 33
37 34 31 28
40 32 30 30
36 34 30 33
22 29 33 37
28 32 38 28
38 33 26 27
46 30 32 32
37 32 38 28
34 37 34 26
42 29 27 32
41 32 38 25
29 38 34 26
47 27 36 34
28 27 27 31
20 38 37 27
43 29 35 31
40 25 25 31
36 32 30 35
34 1 1 37
35 28 25 27
35 38 30 31
38 36 35 35
29 35 26 30
34 35 35 31
31 30 26 26
33 25 25 28
35 25 38 28
33 28 25 33
50 26 27 32
23 26 32 29
21 32 28 29
23 27 28 30
22 33 30 38
29 27 25 36
32 26 35 29
21 30 33 25
36 37 25 25
43 30 27 33
31 37 29 38
31 33 28 27
43 32 28 37
20 34 28 29
37 37 34 28
32 37 35 37
41 35 33 36
48 28 38 27
41 38 33 35
31 34 26 38
35 38 26 34
37 30 38 35
36 28 30 32
23 30 37 35
31 35 26 34
26 35 28 34
24 28 28 28
39 29 29 33
33 31 38 32
38 30 32 27
40 34 34 38
46 31 26 31
40 33 32 25
21 27 37 36
32 25 34 36
39 29 31 36
25 39 45 39
44 45 47 47
33 44 44 39
32 42 46 43
39 48 48 42
23 46 48 40
47 39 45 46
21 43 42 45
29 48 50 49
39 50 43 45
34 47 39 41
23 40 45 40
23 42 41 48
30 49 43 46
23 43 40 43
39 40 40 45
48 49 48 39
40 44 42 42
38 44 47 49
41 50 48 44
21 40 49 47
30 50 41 49
35 47 40 42
30 41 44 46
46 41 43 45
44 41 46 48
45 40 42 45
22 42 45 39
24 49 48 40
24 44 44 44
43 47 48 39
41 48 44 48
46 45 44 43
24 50 44 49
31 46 48 49
33 50 41 41
49 50 47 43
46 45 46 48
43 40 44 40
26 42 49 40
44 39 49 48
26 47 47 39
41 47 44 46
20 43 40 39
20 42 44 40
40 39 48 43
29 49 40 43
26 43 42 48
49 43 44 41
40 48 49 40
37 30 26 30
27 29 26 29
22 36 38 35
32 38 38 27
21 32 25 27
32 25 33 37
48 31 29 31
39 35 32 27
20 26 38 26
42 31 33 26
35 30 29 31
35 26 32 28
32 38 26 38
20 28 35 34
41 31 36 29
22 31 25 29
29 31 28 27
28 35 32 28
42 31 33 25
25 25 26 32
48 29 30 36
31 36 30 37
34 26 32 33
24 28 37 37
47 26 33 30
28 25 27 33
26 34 36 35
31 37 26 35
30 27 37 29
43 37 34 34
25 36 32 38
20 38 36 37
34 28 30 35
28 30 32 36
41 26 30 34
26 28 31 28
37 33 32 35
21 37 37 32
21 33 33 32
49 35 28 29
37 38 29 35
34 36 33 33
32 32 31 33
37 38 29 32
30 33 29 25
42 28 28 27
22 28 28 34
31 27 31 29
46 29 38 33
24 36 29 34
37 29 31 34
39 29 25 36
44 26 29 30
48 27 25 27
37 29 28 33
50 37 34 29
39 27 35 35
47 25 34 37
38 30 25 37
34 34 34 28
44 27 37 25
45 34 32 37
46 32 25 30
28 31 28 30
24 35 36 30
47 33 35 28
30 29 32 32
39 27 28 25
44 37 31 27
47 37 34 35
36 36 32 34
38 35 37 32
26 34 29 33
26 30 29 32
50 35 31 29
44 26 31 26
27 36 26 30
37 36 28 25
49 35 36 27
40 29 29 38
41 37 37 38
27 27 37 30
40 31 34 30
48 25 37 25
26 37 28 26
49 32 32 37
36 26 25 35
39 29 27 26
42 27 32 36
32 25 32 28
36 36 25 35
30 34 33 28
50 31 33 29
29 25 38 32
45 25 29 31
21 26 31 32
36 37 37 32
39 26 35 32
33 25 29 26
27 26 32 33
47 29 36 37
31 31 35 30
42 33 26 26
47 28 25 29
38 28 31 26
39 27 32 28
29 34 25 35
28 31 38 28
35 32 36 33
20 34 34 35
43 29 36 27
27 27 32 36
32 38 30 29
32 36 31 26
23 26 27 30
30 31 25 28
36 27 32 38
20 38 33 30
43 37 37 33
22 29 35 34
45 34 33 34
48 36 33 35
27 34 33 32
20 38 37 35
32 37 30 30
40 32 32 37
42 26 36 38
40 30 34 30
37 27 25 34
49 27 35 27
32 25 28 26
29 38 35 28
20 36 26 30
43 27 31 38
23 37 29 25
29 34 35 35
45 27 30 34
42 30 27 36
24 32 29 30
31 25 32 29
21 35 33 34
20 33 35 36
25 37 33 27
29 33 35 38
43 35 30 30
28 36 27 37
40 35 30 37
44 26 34 26
21 25 34 35
43 33 33 37
39 23 17 10
27 19 24 10
25 19 17 25
20 24 12 19
33 11 18 14
20 10 13 16
21 21 25 20
25 19 11 10
25 21 25 25
46 20 12 23
23 21 23 21
20 15 14 24
42 18 20 16
50 18 15 19
36 17 21 11
26 17 25 18
33 13 19 25
24 20 18 10
33 25 22 25
42 18 24 16
45 16 10 14
31 13 11 25
26 24 18 22
45 19 25 24
31 14 18 11
21 12 18 11
46 20 17 25
39 24 11 25
30 20 16 16
37 21 25 16
23 16 22 19
21 16 14 13
29 15 14 20
36 25 15 13
46 14 24 20
45 16 15 19
31 17 17 19
43 12 21 16
44 25 21 10
50 24 15 25
27 25 19 25
29 11 14 15
21 23 12 25
35 20 22 25
41 19 14 23
49 19 18 20
46 20 11 21
46 16 14 25
40 20 10 24
41 14 24 13
45 19 14 11
24 16 17 21
48 11 15 10
26 12 11 25
36 11 24 16
38 17 16 11
41 21 15 16
50 10 25 13
49 20 25 20
36 10 24 24
26 11 12 20
33 16 18 21
29 14 10 17
26 15 11 16
50 13 15 12
28 24 24 23
46 21 13 12
22 25 17 11
20 17 23 25
26 23 20 22
34 25 24 20
39 14 16 13
29 16 16 24
31 22 14 25
34 23 16 16
21 15 15 14
23 22 19 14
34 20 21 11
35 19 11 25
33 10 25 22
37 10 10 15
39 12 19 10
37 23 18 24
26 12 21 12
26 17 13 17
23 25 19 21
31 24 17 14
47 10 10 15
38 24 16 11
34 13 16 20
33 12 11 23
25 19 15 22
21 19 14 23
30 21 18 14
50 22 20 21
42 13 17 25
21 23 17 12
45 12 18 19
30 13 16 14
41 18 18 14
40 12 16 21
22 18 12 11
44 16 12 15
41 10 10 15
20 17 18 18
45 10 14 23
27 13 20 18
20 17 17 21
30 20 17 25
26 12 14 21
28 18 24 20
45 14 18 20
32 17 23 14
38 18 18 25
26 11 15 15
25 23 21 18
24 25 20 23
37 22 25 11
21 12 19 11
39 18 14 18
50 21 19 21
23 19 14 21
27 23 25 17
24 13 15 23
22 10 14 11
48 23 10 11
39 10 14 20
22 23 15 16
33 25 18 22
30 22 11 15
40 10 15 14
24 10 25 11
39 20 22 14
49 23 12 21
50 25 17 16
24 22 17 22
41 15 21 14
22 16 10 13
38 25 17 25
47 25 25 25
30 19 17 10
48 23 16 21
46 24 16 12
40 25 17 22
41 13 10 19
24 21 21 23
26 18 20 25
34 21 23 21
37 21 15 22
28 18 14 23
42 37 35 34
23 30 27 30
47 36 36 38
27 31 29 26
25 35 36 37
32 33 30 38
43 26 26 26
48 30 27 35
50 26 33 38
25 29 33 28
50 37 36 37
38 35 30 38
31 35 28 37
33 34 28 33
47 31 27 30
45 38 37 33
48 35 38 32
48 30 29 38
23 29 25 34
42 25 35 31
45 26 26 30
36 37 38 31
46 34 37 38
33 38 37 31
33 32 38 26
24 26 38 28
39 33 26 30
27 29 38 33
35 35 32 25
23 38 25 26
34 37 25 36
40 28 30 31
35 32 29 30
45 30 30 34
41 30 29 35
31 25 35 35
30 36 33 34
34 36 35 26
35 25 37 30
38 31 31 37
40 26 35 30
29 34 29 30
34 38 29 34
25 29 29 32
30 36 28 28
50 31 27 26
34 31 30 31
25 8 2 6
42 36 28 32
28 35 36 34
