200 3
41 41 37 41
5 34 35 34
10 27 26 26
31 34 34 34
44 31 28 23
16 46 42 41
3 29 31 29
33 26 29 27
34 28 35 36
35 37 35 37
44 32 30 30
44 37 31 29
25 31 29 33
48 39 41 41
16 47 44 48
32 43 44 43
37 49 50 47
8 45 44 42
33 48 48 46
30 30 29 28
6 49 50 50
18 30 29 30
26 25 26 25
0 47 48 47
37 33 37 32
40 47 41 44
30 41 47 39
50 24 27 26
32 45 46 45
5 46 50 46
41 50 50 50
0 34 31 29
32 42 44 43
12 35 34 33
33 50 50 47
22 49 47 46
14 38 42 42
34 29 27 27
1 34 35 38
0 27 27 28
41 47 44 46
45 42 40 36
8 37 40 38
39 35 36 36
27 48 48 44
23 40 40 39
45 25 32 26
10 39 45 37
50 47 44 45
34 32 40 34
47 41 38 37
2 34 35 37
22 37 38 38
15 29 31 29
45 42 45 46
7 38 38 37
2 44 40 44
0 32 34 33
40 40 40 40
13 45 43 46
25 44 43 44
26 42 43 44
5 46 40 45
6 28 29 27
33 34 34 36
16 31 39 34
13 31 27 30
17 50 44 47
37 35 30 31
4 31 30 30
8 49 47 50
39 30 30 30
29 50 48 50
48 38 40 37
43 45 43 45
50 35 33 34
12 37 40 37
42 32 31 31
15 45 46 47
29 42 46 46
45 35 36 36
26 42 43 39
12 30 28 31
13 26 27 26
39 29 26 29
8 46 36 41
19 28 26 27
32 46 45 47
8 41 46 42
43 38 42 42
12 33 30 31
3 49 45 48
44 32 28 38
1 42 44 45
29 36 35 33
16 41 44 45
2 42 41 39
42 38 40 38
30 36 40 36
17 38 39 33
39 43 44 47
5 31 33 32
49 42 38 43
27 47 50 50
9 32 28 29
36 48 48 47
3 48 48 48
11 50 46 50
2 34 33 33
48 42 42 41
23 48 46 43
32 44 44 44
47 30 31 28
49 31 24 28
48 41 41 42
15 49 46 49
2 38 35 35
18 45 49 43
48 50 50 49
39 36 27 29
16 32 37 34
30 28 34 26
32 26 27 25
21 36 33 29
17 38 39 40
32 45 42 41
42 40 40 43
19 30 30 29
2 49 49 47
16 25 26 25
14 41 41 38
28 34 34 33
9 50 50 50
49 29 29 28
43 39 32 34
13 49 47 49
48 37 41 45
50 33 34 30
4 29 31 29
15 46 45 46
4 50 50 50
47 34 39 34
9 34 33 37
30 47 44 50
2 35 39 34
35 42 38 40
28 27 32 28
17 44 43 43
47 47 46 50
24 31 32 29
47 29 29 31
7 40 40 41
17 36 36 31
25 48 45 46
42 39 39 38
47 40 41 36
33 49 50 50
2 50 46 50
45 50 50 50
23 34 35 33
19 40 37 40
35 48 50 50
33 26 26 26
35 32 37 39
26 36 38 34
6 28 29 28
4 36 37 36
12 38 38 38
32 49 47 49
23 50 50 46
40 29 25 28
32 47 48 47
41 35 34 35
4 29 29 33
6 37 33 34
0 50 48 49
12 50 45 45
45 50 49 50
33 42 41 40
4 29 35 29
19 32 33 33
42 28 28 28
2 45 48 43
10 35 35 34
0 44 42 45
41 41 39 41
15 31 32 33
14 50 50 50
22 23 33 25
8 50 48 48
5 43 42 44
1 30 28 31
15 27 26 26
43 34 29 25
8 27 26 27
24 46 43 44
30 32 29 28
38 31 31 30
16 33 30 30
28 36 39 35
