1000 3
44 25 16 32
11 25 35 9
44 17 20 6
23 42 42 36
10 31 30 20
14 28 27 30
9 42 9 14
24 18 11 18
46 35 49 26
33 14 37 37
26 28 4 33
28 36 43 23
23 28 1 22
11 45 26 31
44 22 48 35
30 49 39 26
31 35 47 40
21 47 46 17
16 48 25 43
36 21 46 2
14 44 3 39
24 9 50 34
38 16 36 26
33 2 36 35
50 43 12 26
19 32 34 49
25 9 2 33
14 38 22 25
26 16 45 49
32 38 1 19
12 3 27 36
35 6 30 36
22 47 38 36
27 7 50 1
37 26 28 20
11 11 1 16
14 19 50 49
13 41 1 42
22 30 43 41
28 12 26 42
15 2 12 45
25 27 17 1
30 28 23 19
46 10 9 41
40 2 11 33
15 24 38 24
36 5 9 5
35 50 11 30
35 19 41 19
38 36 47 37
39 7 1 37
14 49 22 38
26 20 2 49
28 3 7 31
15 48 12 31
19 20 31 27
48 37 9 5
22 49 34 8
12 44 10 35
20 8 31 19
29 38 19 42
19 36 27 42
26 28 6 2
38 3 24 42
19 47 50 6
29 25 9 16
43 28 37 11
14 29 35 27
24 6 41 9
11 7 6 32
39 10 36 44
10 17 37 33
17 28 3 42
40 10 3 7
20 45 37 23
19 23 22 38
13 16 36 6
15 32 31 31
18 22 46 42
18 17 44 2
24 3 15 45
50 26 16 46
41 43 4 6
27 12 6 24
42 31 7 15
39 10 50 33
19 40 48 25
25 25 37 10
49 28 32 37
19 28 32 26
22 38 7 1
45 44 14 46
22 9 39 35
33 1 37 31
14 37 19 42
23 12 18 20
49 2 49 39
41 35 12 45
32 7 21 16
17 12 5 25
40 13 32 3
42 9 20 1
11 22 44 44
12 15 3 12
46 45 26 22
27 9 35 45
50 5 32 25
9 19 9 47
44 26 16 47
26 9 37 3
45 41 3 44
13 41 32 8
14 45 13 16
40 2 9 3
48 42 44 23
18 29 40 41
26 36 26 7
34 10 40 31
46 10 46 34
18 5 50 25
29 33 8 50
26 35 10 34
10 1 27 44
39 8 47 6
21 7 23 26
16 48 34 1
36 8 8 25
18 48 45 42
44 26 11 5
35 35 47 30
39 7 16 45
39 43 5 12
48 16 47 29
16 46 49 25
40 6 32 5
44 10 6 49
24 32 36 11
36 26 49 34
35 8 2 45
10 3 22 1
21 12 12 2
28 3 24 38
19 2 8 22
20 4 24 18
41 2 20 10
12 22 40 44
39 48 12 2
30 18 5 41
22 35 49 33
20 25 25 14
29 4 12 9
30 35 23 38
32 50 19 14
43 12 44 10
14 24 30 38
37 26 14 19
46 25 14 11
36 20 28 44
28 35 31 1
40 45 49 14
12 12 23 50
25 33 20 37
18 48 26 30
28 48 21 2
40 50 32 43
15 18 33 3
33 18 48 14
50 48 43 16
37 25 23 31
45 35 9 2
23 6 37 1
10 7 15 14
40 41 22 1
21 8 46 21
19 37 35 41
18 15 27 50
37 46 48 16
34 2 33 12
12 18 17 31
45 47 45 14
24 1 49 47
17 37 49 28
40 48 50 7
30 10 45 45
50 36 38 47
20 13 32 50
29 48 41 26
32 21 23 11
11 5 42 25
34 21 3 29
39 33 34 45
11 21 29 18
21 11 46 14
28 44 31 23
24 2 37 33
33 47 1 21
40 23 14 49
44 11 14 30
24 10 4 20
18 26 49 13
19 47 6 18
38 16 35 34
35 7 43 32
12 49 31 34
20 11 42 27
35 43 16 1
25 43 44 31
11 19 9 2
36 26 18 9
12 34 8 1
34 21 25 10
27 30 1 36
22 50 48 29
32 45 34 10
18 8 18 14
18 22 16 38
39 47 34 34
45 4 30 7
41 1 29 42
24 23 23 32
9 48 10 32
29 3 41 41
41 20 39 6
42 8 30 34
13 5 34 5
46 8 20 32
29 29 9 25
47 40 32 37
24 14 49 7
32 23 21 40
32 34 46 15
12 9 34 12
14 22 16 26
17 46 44 42
30 35 50 46
9 25 12 27
49 25 47 48
25 1 1 20
46 40 31 37
12 44 27 24
40 50 35 19
16 8 17 26
23 19 32 12
42 39 19 13
40 31 31 10
38 28 6 43
43 10 18 27
26 24 31 13
49 42 49 50
30 24 2 15
41 49 38 18
12 11 40 1
18 38 40 41
31 46 14 18
11 21 20 8
19 41 20 22
36 41 42 35
28 50 43 9
16 45 30 14
22 43 24 37
46 29 34 47
35 37 45 26
41 24 34 22
43 35 5 5
48 49 19 29
14 7 8 30
16 32 38 8
11 9 37 9
24 49 33 17
38 2 45 15
46 13 6 10
11 29 8 20
37 13 33 32
30 20 43 21
46 16 14 3
19 43 35 29
10 50 38 22
13 38 31 31
44 32 44 50
48 19 26 4
10 11 44 47
19 41 8 5
45 12 2 14
39 27 9 23
41 12 50 16
33 31 22 33
41 8 37 26
38 23 48 14
47 19 25 49
46 18 25 14
25 30 48 19
23 7 10 50
20 24 23 1
42 40 6 34
38 36 46 10
33 37 21 16
20 33 14 38
32 20 10 31
24 10 37 32
47 42 44 48
29 48 17 36
26 20 34 42
26 6 19 40
40 11 44 10
31 33 15 48
26 8 50 34
34 44 35 34
15 24 41 40
36 50 13 14
35 36 22 9
21 20 38 38
10 39 36 37
18 11 47 35
37 40 50 17
36 2 39 31
15 43 22 6
14 40 33 39
34 45 4 25
50 27 45 9
25 48 27 47
31 36 47 18
34 22 34 9
9 40 20 44
35 4 6 38
34 6 18 33
10 2 40 43
37 4 2 49
13 30 30 49
39 10 8 40
33 15 12 41
28 45 48 38
48 32 47 40
20 26 45 47
35 25 4 46
16 23 15 16
31 26 32 42
46 13 4 7
29 23 19 48
21 1 9 13
30 5 4 24
22 35 7 4
50 13 42 27
14 48 12 41
14 33 33 18
49 40 3 42
30 43 50 21
12 7 19 11
47 49 29 8
33 42 3 6
24 24 13 32
26 6 14 31
22 15 5 3
18 8 41 40
30 12 43 5
34 33 21 41
18 31 16 47
32 17 38 17
47 1 13 7
43 50 20 44
41 34 31 40
47 49 35 49
30 34 44 17
35 37 42 16
12 42 40 9
37 6 33 30
13 20 5 15
29 34 30 11
46 34 15 30
12 38 16 9
37 1 6 39
44 1 48 44
21 4 44 29
30 8 12 32
25 21 49 18
26 12 32 14
47 36 12 27
13 45 22 39
41 32 18 32
20 23 22 5
30 31 9 35
36 31 9 39
13 35 3 23
48 1 45 33
38 1 3 47
22 36 33 31
24 8 24 22
31 5 17 12
34 40 14 23
48 44 41 39
9 1 50 15
12 16 14 42
29 40 49 41
40 16 20 45
25 27 34 7
35 4 35 27
32 50 46 3
18 14 32 47
39 12 11 2
13 7 25 13
26 49 5 8
21 24 30 49
31 37 45 40
49 36 38 29
21 9 24 37
44 35 33 18
47 46 11 24
25 27 17 18
39 38 44 20
42 16 37 37
26 45 14 38
12 42 18 41
36 28 20 25
25 37 39 12
41 43 42 42
36 38 48 2
21 6 36 3
49 4 18 47
48 44 49 39
34 16 8 6
43 7 27 48
18 33 46 16
14 27 48 20
15 36 50 49
9 49 4 38
30 44 41 28
30 44 8 12
35 10 9 33
27 50 17 42
27 21 16 30
28 17 39 42
15 22 30 5
27 10 7 18
39 2 38 36
43 33 10 1
29 2 29 23
28 8 24 23
10 12 38 10
16 38 14 42
42 41 41 45
39 4 15 45
20 14 21 20
15 34 13 40
23 28 35 13
17 38 23 44
30 43 33 17
13 16 26 20
13 49 15 40
24 23 48 35
35 5 44 20
36 34 50 20
48 32 44 21
12 26 15 38
44 47 37 16
25 16 7 46
32 10 36 44
31 23 7 45
47 41 19 13
35 13 44 6
33 15 16 21
13 34 24 5
12 1 12 11
44 22 46 45
23 15 43 16
20 2 43 34
46 40 43 34
47 19 21 6
46 7 21 8
13 23 32 34
46 14 37 12
32 10 8 17
37 15 39 22
29 1 48 4
49 13 4 20
48 37 23 48
41 15 22 11
35 2 18 44
25 47 46 30
46 8 45 45
19 8 18 6
11 23 8 33
30 9 32 6
19 46 43 3
37 45 19 50
48 13 25 21
12 14 34 16
49 46 11 48
44 38 2 44
44 9 21 12
11 26 2 3
36 42 18 10
30 37 38 35
42 48 45 33
11 41 48 12
43 38 34 4
45 6 6 2
31 15 46 4
22 27 29 43
35 49 12 40
25 3 45 33
27 39 47 16
24 15 47 36
35 5 11 43
47 3 47 44
49 27 28 41
13 22 5 23
43 42 11 33
23 47 42 4
17 48 47 1
10 22 38 13
34 25 25 36
11 11 33 27
28 34 16 17
30 13 37 4
45 3 12 33
22 49 29 33
23 1 29 29
46 19 16 20
42 7 30 12
19 28 34 49
32 18 16 29
34 27 41 14
47 17 16 36
34 50 9 29
44 21 40 20
46 3 30 47
9 33 17 7
16 3 39 36
16 42 10 26
33 1 31 35
47 17 1 19
16 34 50 30
30 4 25 13
12 12 38 40
38 35 46 5
40 43 47 21
33 20 23 34
42 24 21 5
10 14 7 35
18 50 29 30
26 4 50 27
29 18 42 24
37 20 27 44
13 8 32 39
43 5 35 5
45 40 43 21
13 43 37 34
27 43 28 16
42 42 7 10
20 6 29 4
28 47 14 45
24 34 48 50
44 50 19 8
36 45 17 42
32 23 18 4
18 15 39 35
34 27 39 10
49 15 28 50
23 3 35 5
38 36 38 11
31 40 6 26
23 13 18 35
31 41 28 4
18 22 38 43
27 41 7 37
50 49 47 50
22 30 4 13
35 47 15 30
33 20 12 19
24 19 14 28
35 31 25 49
34 48 39 20
14 38 30 20
42 32 8 4
25 40 14 49
46 35 33 17
28 1 17 15
39 22 23 1
21 19 34 19
17 42 26 25
48 39 1 4
50 20 18 14
47 11 11 25
23 14 40 20
22 49 15 27
41 16 28 37
36 18 2 29
40 41 24 44
31 43 31 35
32 26 7 30
24 40 36 4
30 23 31 15
12 11 7 16
22 49 4 42
17 33 21 31
45 5 49 2
21 8 15 40
10 49 34 42
9 42 33 34
42 7 47 30
10 26 20 4
31 30 49 25
17 24 25 45
32 47 10 44
20 22 37 44
37 10 10 45
41 27 16 36
10 48 4 22
49 44 33 39
36 48 42 24
13 3 47 36
18 30 8 33
13 46 10 20
40 15 11 36
34 28 22 11
13 4 28 17
24 17 24 24
31 23 39 35
33 45 10 3
49 14 7 36
41 35 34 41
13 32 21 9
24 3 36 47
16 4 2 9
44 44 11 50
42 2 36 12
28 37 44 40
32 29 3 44
48 35 43 4
16 26 7 5
17 2 15 48
48 35 1 23
42 13 9 25
21 7 32 41
36 9 41 41
36 21 6 14
9 43 30 15
36 49 50 32
18 13 23 33
48 1 13 14
23 10 2 43
14 28 28 46
43 25 10 28
31 3 11 40
18 19 20 17
14 34 16 42
36 42 48 42
26 20 44 18
12 45 27 27
26 11 3 42
40 34 23 45
47 38 31 48
13 47 35 8
24 42 49 28
20 29 46 25
41 49 17 14
37 42 29 10
23 14 33 47
10 28 47 48
49 34 50 41
12 22 13 1
16 25 41 47
16 1 18 24
9 1 13 42
26 9 22 36
36 29 24 26
33 18 45 36
13 44 47 4
15 27 9 22
25 21 27 25
18 36 45 33
28 22 32 10
40 23 10 17
37 1 2 32
43 41 49 5
27 39 33 9
42 24 14 17
16 43 42 14
9 27 19 12
45 44 12 12
42 12 43 4
32 8 44 13
49 25 19 39
43 41 24 8
16 47 32 4
31 4 27 31
37 32 19 38
39 20 14 32
14 17 46 1
33 28 5 45
18 4 16 3
9 10 28 12
41 11 38 9
14 38 26 25
9 33 48 25
40 29 35 42
32 27 20 41
34 38 39 46
48 33 5 16
23 44 33 33
43 1 44 20
46 1 47 44
27 23 44 28
43 13 13 41
21 50 38 31
35 33 22 9
33 33 37 2
44 32 20 20
49 9 26 42
36 32 41 50
22 9 39 12
34 12 43 9
49 38 16 21
47 49 49 37
10 38 7 35
43 49 18 34
20 27 21 31
44 47 21 48
15 26 43 47
21 35 9 26
13 32 34 5
14 10 49 36
24 16 24 18
16 1 17 45
46 7 34 36
42 20 23 13
11 16 9 21
13 27 5 5
12 18 17 36
27 7 42 45
13 6 43 50
43 17 38 3
10 41 41 25
25 33 15 31
47 3 26 41
39 12 12 5
10 12 35 47
22 13 37 37
15 21 28 3
35 14 4 47
44 41 34 18
44 18 22 12
46 1 42 47
15 14 7 44
39 40 3 22
49 28 4 48
41 21 1 30
18 32 29 20
46 12 17 21
23 45 22 47
12 13 48 38
37 24 32 19
18 28 36 5
48 23 33 10
46 44 7 3
37 33 27 46
44 50 14 6
28 45 16 17
46 34 18 47
37 47 35 40
26 8 46 17
23 32 18 50
20 39 47 24
23 13 33 37
16 3 11 15
14 13 37 42
35 42 12 19
17 35 1 27
13 7 5 13
22 43 39 24
20 13 1 10
18 23 7 44
14 32 45 37
26 15 9 48
13 26 48 9
35 40 29 50
17 41 27 38
14 16 12 40
42 48 49 50
24 50 17 17
21 40 8 28
26 1 20 44
34 14 2 10
10 27 49 27
9 13 33 9
11 39 32 6
50 34 48 42
22 14 49 31
31 45 26 47
14 48 29 15
21 8 10 3
22 5 7 20
46 44 16 21
12 26 17 16
13 42 39 10
50 40 17 31
45 11 2 8
43 46 45 35
24 46 25 38
25 14 32 42
46 50 13 23
9 16 25 22
34 42 32 34
50 43 33 36
45 3 39 45
36 40 16 34
49 46 39 43
32 4 21 45
29 49 32 49
36 41 25 49
39 7 43 32
38 49 38 39
21 46 15 43
9 11 8 1
34 14 7 25
26 2 12 3
50 26 37 3
21 43 32 27
28 30 45 42
26 40 24 31
42 4 32 41
34 7 11 7
13 9 43 18
41 11 3 19
29 33 39 34
36 47 20 13
50 44 41 31
44 28 18 1
47 3 11 38
12 16 38 14
18 1 37 41
13 49 49 44
41 22 26 23
43 36 6 27
24 24 23 47
15 32 2 31
25 14 3 38
28 49 20 45
28 12 12 49
39 38 47 20
29 29 1 42
37 42 14 25
50 21 19 12
33 23 10 23
22 30 2 45
40 48 30 42
19 11 7 20
16 15 19 30
13 12 11 35
48 14 2 15
10 4 42 49
41 1 26 38
24 27 10 23
46 38 26 13
26 25 23 32
34 35 11 22
23 1 38 31
47 40 48 13
40 11 40 27
30 49 36 27
19 14 12 41
29 6 18 19
46 38 40 25
18 24 12 32
25 49 20 43
28 34 4 35
34 22 48 2
12 14 2 2
22 27 23 16
10 35 45 9
41 37 14 24
36 26 1 16
27 4 32 11
39 43 38 10
48 50 35 4
29 34 17 11
42 20 33 28
19 30 40 35
49 15 37 50
30 50 6 30
17 37 6 27
18 30 5 26
50 2 7 38
32 29 43 19
9 18 11 6
22 2 39 29
12 22 36 40
38 45 19 48
9 11 36 30
27 10 13 38
43 42 6 41
32 33 7 28
14 48 19 27
42 2 28 36
41 26 24 12
26 33 19 33
30 48 20 7
50 24 44 15
20 6 23 3
11 37 37 29
23 34 7 7
12 2 30 19
41 47 29 6
20 12 23 49
31 22 4 36
30 11 41 19
19 37 11 39
21 36 35 21
38 14 20 44
34 46 49 20
20 42 8 17
21 13 39 12
24 7 20 5
21 36 43 6
31 34 40 45
19 42 13 24
20 43 15 22
50 23 36 43
13 28 4 35
35 43 17 3
11 48 31 37
32 13 28 20
10 21 38 17
25 36 35 32
14 38 35 22
49 15 40 25
21 5 26 7
48 48 22 49
17 32 31 35
45 17 47 42
12 50 8 50
49 37 1 46
29 40 37 27
26 29 9 19
30 20 33 10
13 34 43 18
25 40 41 33
24 48 16 39
30 40 5 37
11 9 26 3
49 16 2 9
29 10 49 47
42 31 48 18
45 6 33 7
37 28 16 35
47 38 31 36
19 13 35 16
29 36 20 15
20 15 41 17
32 30 25 43
38 6 49 17
14 35 29 42
23 38 6 20
24 36 25 3
33 48 12 39
37 35 42 38
28 50 42 20
18 27 12 9
40 17 11 30
30 7 8 25
46 29 31 3
37 25 29 42
10 12 17 32
18 22 25 27
40 23 18 42
20 14 30 17
20 10 30 11
48 2 29 16
32 21 2 16
9 41 48 48
35 31 19 45
50 19 45 20
15 11 37 23
20 20 35 43
28 21 41 6
13 41 48 47
38 47 35 33
40 35 28 17
9 33 44 14
36 38 20 28
29 28 29 19
36 37 7 47
20 27 28 35
45 35 23 48
29 38 8 27
44 5 17 6
12 47 4 50
45 5 6 46
31 10 11 49
33 41 47 44
48 2 11 28
35 30 27 46
25 46 37 1
14 29 21 35
38 26 32 47
35 10 14 41
31 12 22 46
32 16 18 25
49 26 20 29
17 8 21 25
44 47 38 9
