200 3
28 42 36 33
18 47 15 20
45 40 49 27
16 21 10 31
8 10 14 1
8 10 42 12
38 26 23 19
36 45 29 41
1 49 1 4
24 11 17 50
21 17 34 45
1 22 48 3
49 33 32 44
8 41 45 1
6 23 29 47
10 43 7 15
7 28 37 37
43 26 48 26
1 28 13 15
28 46 13 10
24 22 7 49
1 34 25 6
44 37 38 7
3 45 10 19
15 49 23 34
27 4 16 39
34 17 25 10
45 15 32 11
48 32 49 4
18 26 40 2
16 46 20 50
34 6 48 47
47 33 47 9
29 4 4 26
11 1 6 47
33 47 11 35
35 27 29 5
36 20 3 25
37 19 28 49
3 31 32 36
39 16 16 43
31 45 43 2
31 41 43 26
29 22 50 13
1 15 41 22
2 17 5 50
13 25 17 24
28 50 17 34
44 6 39 30
2 32 13 21
33 29 39 28
15 31 39 34
43 2 38 21
11 29 31 15
43 12 16 21
11 34 24 6
44 11 46 5
32 9 42 7
33 32 22 5
45 15 29 19
15 14 10 7
8 20 42 7
8 46 19 36
26 8 12 16
14 22 49 49
39 26 11 5
5 30 6 24
33 46 31 4
20 18 31 4
6 14 33 25
44 26 31 35
43 20 46 7
19 3 10 25
50 16 4 30
10 23 26 7
43 4 2 43
47 15 13 31
44 25 45 9
1 50 41 33
50 45 28 14
4 36 10 8
34 44 26 15
39 29 37 48
15 7 13 27
3 33 44 26
32 48 50 3
40 11 39 17
31 42 4 37
39 9 6 8
25 11 23 50
47 42 20 20
4 37 14 28
44 14 35 21
32 14 36 16
33 6 46 36
31 28 16 3
19 16 38 30
21 31 11 24
46 41 12 48
41 13 35 6
35 4 44 48
5 11 8 41
3 10 35 25
1 13 37 16
50 21 13 46
18 31 4 13
6 11 5 16
40 7 43 30
24 43 8 30
18 18 32 49
14 29 4 41
38 4 6 29
49 19 3 50
20 29 40 25
22 34 15 2
43 27 17 30
43 2 48 29
5 34 44 32
24 34 1 37
42 32 50 27
23 4 12 14
9 38 3 29
48 25 45 29
32 49 50 12
46 26 11 31
7 49 27 4
34 18 40 35
24 10 46 20
10 37 4 7
1 30 3 4
26 29 12 38
17 30 46 43
48 16 23 21
36 1 49 31
11 19 35 42
49 5 17 26
48 33 8 49
41 29 19 49
30 41 19 27
28 48 25 21
0 50 35 10
17 19 40 35
11 5 26 6
42 1 5 47
31 25 13 14
21 20 12 12
5 36 33 39
8 10 3 43
29 26 42 38
21 16 46 39
24 44 32 3
14 11 39 24
16 47 3 9
0 32 1 5
40 24 4 17
19 37 19 24
30 9 33 6
14 32 24 40
10 38 23 17
50 30 31 15
42 21 47 18
10 44 30 13
39 44 6 36
37 19 46 9
19 12 39 50
22 41 32 6
17 31 36 20
46 17 5 17
14 48 41 44
32 7 28 24
6 43 44 8
37 16 8 26
48 48 38 28
28 50 29 50
4 23 41 6
16 46 32 47
37 10 35 22
22 8 15 28
3 7 30 6
20 49 1 49
25 25 26 18
46 24 32 20
18 6 45 43
44 20 32 41
19 50 41 1
6 7 11 21
29 32 17 1
10 49 5 24
39 7 6 46
26 27 8 19
14 48 6 47
5 17 38 14
9 37 7 8
36 45 5 35
13 3 21 20
21 30 20 34
27 5 38 14
12 25 9 4
33 5 12 35
2 6 21 46
